 index year n comp_unit obs pred pearson
AI_survey 1991 5.78342  3 0.000194647 0.000679804 -0.0444387
AI_survey 1991 5.78342  4 0.000778412 0.000906439 -0.0101752
AI_survey 1991 5.78342  5 0.00122284 0.00120001 0.00157961
AI_survey 1991 5.78342  6 0.0006653 0.00163609 -0.0575904
AI_survey 1991 5.78342  7 0.00324987 0.00232117 0.0463113
AI_survey 1991 5.78342  8 0.00995889 0.00334356 0.275182
AI_survey 1991 5.78342  9 0.00968454 0.00468024 0.176141
AI_survey 1991 5.78342  10 0.0188999 0.00616582 0.390893
AI_survey 1991 5.78342  11 0.0192253 0.0076165 0.320907
AI_survey 1991 5.78342  12 0.0101137 0.00894153 0.0299282
AI_survey 1991 5.78342  13 0.00225851 0.0101841 -0.189747
AI_survey 1991 5.78342  14 0.0341212 0.0117294 0.499944
AI_survey 1991 5.78342  15 0.0141437 0.0144957 -0.00708009
AI_survey 1991 5.78342  16 0.0139545 0.0192477 -0.0926258
AI_survey 1991 5.78342  17 0.00539036 0.0256979 -0.308583
AI_survey 1991 5.78342  18 0.00861163 0.0327598 -0.326193
AI_survey 1991 5.78342  19 0.016474 0.0393941 -0.283314
AI_survey 1991 5.78342  20 0.0406097 0.0450148 -0.0510886
AI_survey 1991 5.78342  21 0.0212907 0.0494077 -0.311979
AI_survey 1991 5.78342  22 0.0312881 0.0525369 -0.229021
AI_survey 1991 5.78342  23 0.0388767 0.0544232 -0.164796
AI_survey 1991 5.78342  24 0.0370146 0.0550998 -0.190595
AI_survey 1991 5.78342  25 0.032465 0.0546169 -0.234422
AI_survey 1991 5.78342  26 0.0530222 0.0530571 -0.000375064
AI_survey 1991 5.78342  27 0.0623946 0.0505515 0.129992
AI_survey 1991 5.78342  28 0.0538427 0.0472834 0.0743147
AI_survey 1991 5.78342  29 0.0851207 0.0434737 0.491097
AI_survey 1991 5.78342  30 0.070118 0.0393556 0.38043
AI_survey 1991 5.78342  31 0.0447166 0.0351477 0.124945
AI_survey 1991 5.78342  32 0.0498533 0.0310333 0.260961
AI_survey 1991 5.78342  33 0.0471895 0.0271487 0.296504
AI_survey 1991 5.78342  34 0.0367768 0.0235824 0.209064
AI_survey 1991 5.78342  35 0.0379703 0.0203803 0.299308
AI_survey 1991 5.78342  36 0.0328711 0.0175553 0.280382
AI_survey 1991 5.78342  37 0.0110179 0.0150969 -0.0804189
AI_survey 1991 5.78342  38 0.0171297 0.0129791 0.0881562
AI_survey 1991 5.78342  39 0.00673415 0.011169 -0.10144
AI_survey 1991 5.78342  40 0.0044715 0.00963058 -0.126975
AI_survey 1991 5.78342  41 0.00213719 0.00832845 -0.163737
AI_survey 1991 5.78342  42 0.0061816 0.00722978 -0.0297333
AI_survey 1991 5.78342  43 0.00339066 0.0063055 -0.0884868
AI_survey 1991 5.78342  44 0 0.00552987 -0.179169
AI_survey 1991 5.78342  45 0.00456953 0.0330626 -0.383178
AI_survey 1994 13.8299  3 0 0.000852146 -0.107974
AI_survey 1994 13.8299  4 0 0.00104384 -0.119643
AI_survey 1994 13.8299  5 0 0.00125986 -0.131562
AI_survey 1994 13.8299  6 4.4103e-008 0.00156559 -0.14679
AI_survey 1994 13.8299  7 6.07837e-008 0.00201599 -0.166727
AI_survey 1994 13.8299  8 2.12867e-007 0.00268383 -0.192545
AI_survey 1994 13.8299  9 0.00101335 0.00370083 -0.164372
AI_survey 1994 13.8299  10 0.00107614 0.00524057 -0.214291
AI_survey 1994 13.8299  11 0.00625964 0.00738911 -0.0490125
AI_survey 1994 13.8299  12 0.00988276 0.00999943 -0.0043587
AI_survey 1994 13.8299  13 0.0148471 0.0127295 0.0702176
AI_survey 1994 13.8299  14 0.0138645 0.0152379 -0.0416809
AI_survey 1994 13.8299  15 0.0343408 0.0173509 0.483746
AI_survey 1994 13.8299  16 0.0217599 0.0192323 0.0684251
AI_survey 1994 13.8299  17 0.0390208 0.0215381 0.447759
AI_survey 1994 13.8299  18 0.0288573 0.0250905 0.0895485
AI_survey 1994 13.8299  19 0.0254975 0.030123 -0.100621
AI_survey 1994 13.8299  20 0.0315988 0.035998 -0.0878117
AI_survey 1994 13.8299  21 0.0477571 0.0416772 0.113123
AI_survey 1994 13.8299  22 0.00976053 0.0463223 -0.64684
AI_survey 1994 13.8299  23 0.0228623 0.0495403 -0.457167
AI_survey 1994 13.8299  24 0.0315646 0.0513055 -0.332731
AI_survey 1994 13.8299  25 0.0261062 0.0517849 -0.430912
AI_survey 1994 13.8299  26 0.0424472 0.0511968 -0.147621
AI_survey 1994 13.8299  27 0.0177434 0.0497417 -0.547287
AI_survey 1994 13.8299  28 0.0207996 0.0475872 -0.467888
AI_survey 1994 13.8299  29 0.0207061 0.0448767 -0.434121
AI_survey 1994 13.8299  30 0.0393987 0.041745 -0.0436225
AI_survey 1994 13.8299  31 0.0590584 0.0383272 0.401524
AI_survey 1994 13.8299  32 0.0734838 0.0347592 0.786111
AI_survey 1994 13.8299  33 0.0337919 0.0311698 0.0561059
AI_survey 1994 13.8299  34 0.0543105 0.0276725 0.603816
AI_survey 1994 13.8299  35 0.0332877 0.0243578 0.21538
AI_survey 1994 13.8299  36 0.0620435 0.0212904 1.04967
AI_survey 1994 13.8299  37 0.0351032 0.0185092 0.457732
AI_survey 1994 13.8299  38 0.025045 0.0160298 0.266869
AI_survey 1994 13.8299  39 0.0296367 0.013851 0.50212
AI_survey 1994 13.8299  40 0.0115083 0.0119587 -0.0154057
AI_survey 1994 13.8299  41 0.0206918 0.010331 0.380872
AI_survey 1994 13.8299  42 0.00807473 0.00894201 -0.0342421
AI_survey 1994 13.8299  43 0.0238838 0.00776497 0.682477
AI_survey 1994 13.8299  44 0.00746473 0.00677355 0.0313148
AI_survey 1994 13.8299  45 0.0154511 0.0394335 -0.458198
AI_survey 1997 20.8706  3 0 0.00124997 -0.160976
AI_survey 1997 20.8706  4 0 0.00149657 -0.176278
AI_survey 1997 20.8706  5 0 0.00172834 -0.189542
AI_survey 1997 20.8706  6 0 0.00199045 -0.203512
AI_survey 1997 20.8706  7 1.0095e-007 0.0023404 -0.22079
AI_survey 1997 20.8706  8 0.00224275 0.00283308 -0.0506509
AI_survey 1997 20.8706  9 0.00373533 0.00354404 0.0146847
AI_survey 1997 20.8706  10 0.00608094 0.00457726 0.101659
AI_survey 1997 20.8706  11 0.00778029 0.00610091 0.0984447
AI_survey 1997 20.8706  12 0.000795589 0.00835414 -0.379157
AI_survey 1997 20.8706  13 0.00701329 0.0115217 -0.192915
AI_survey 1997 20.8706  14 0.0269124 0.0155038 0.42173
AI_survey 1997 20.8706  15 0.0177279 0.0198244 -0.0686909
AI_survey 1997 20.8706  16 0.0211829 0.0238231 -0.0790766
AI_survey 1997 20.8706  17 0.019678 0.0269696 -0.205594
AI_survey 1997 20.8706  18 0.020313 0.0291193 -0.239229
AI_survey 1997 20.8706  19 0.0292451 0.0306404 -0.03698
AI_survey 1997 20.8706  20 0.047564 0.0322495 0.395968
AI_survey 1997 20.8706  21 0.0533956 0.0345254 0.472113
AI_survey 1997 20.8706  22 0.0294701 0.0375022 -0.193114
AI_survey 1997 20.8706  23 0.0117479 0.0407052 -0.669381
AI_survey 1997 20.8706  24 0.0266307 0.0435017 -0.377803
AI_survey 1997 20.8706  25 0.0345445 0.0454259 -0.2387
AI_survey 1997 20.8706  26 0.0473857 0.0462923 0.0237716
AI_survey 1997 20.8706  27 0.0510916 0.0461429 0.107749
AI_survey 1997 20.8706  28 0.0474601 0.0451402 0.051043
AI_survey 1997 20.8706  29 0.0322671 0.0434752 -0.251063
AI_survey 1997 20.8706  30 0.0394547 0.0413191 -0.0427902
AI_survey 1997 20.8706  31 0.0368641 0.0388104 -0.0460313
AI_survey 1997 20.8706  32 0.0347004 0.0360599 -0.0333077
AI_survey 1997 20.8706  33 0.0575473 0.0331605 0.622115
AI_survey 1997 20.8706  34 0.0384041 0.0301955 0.219105
AI_survey 1997 20.8706  35 0.0395772 0.0272413 0.346132
AI_survey 1997 20.8706  36 0.0445735 0.0243666 0.598603
AI_survey 1997 20.8706  37 0.0240801 0.0216295 0.0769422
AI_survey 1997 20.8706  38 0.0179387 0.0190746 -0.0379266
AI_survey 1997 20.8706  39 0.0320748 0.0167327 0.546267
AI_survey 1997 20.8706  40 0.0132547 0.0146207 -0.0519737
AI_survey 1997 20.8706  41 0.00983998 0.0127434 -0.118209
AI_survey 1997 20.8706  42 0.0230118 0.0110958 0.519452
AI_survey 1997 20.8706  43 0.0079477 0.00966685 -0.0802283
AI_survey 1997 20.8706  44 0.0095146 0.00844015 0.053625
AI_survey 1997 20.8706  45 0.0269515 0.0482648 -0.454258
AI_survey 2000 17.8532  3 0 0.0025347 -0.212578
AI_survey 2000 17.8532  4 0 0.00251872 -0.211903
AI_survey 2000 17.8532  5 0 0.00262788 -0.216476
AI_survey 2000 17.8532  6 4.27907e-007 0.00289311 -0.227174
AI_survey 2000 17.8532  7 0.000464994 0.00329021 -0.20814
AI_survey 2000 17.8532  8 0.00129896 0.00378092 -0.170649
AI_survey 2000 17.8532  9 0.000676734 0.00438006 -0.236684
AI_survey 2000 17.8532  10 0 0.00516407 -0.304131
AI_survey 2000 17.8532  11 0.00103488 0.00624649 -0.279272
AI_survey 2000 17.8532  12 0.000668179 0.00777041 -0.341545
AI_survey 2000 17.8532  13 0.00849486 0.00992464 -0.0609145
AI_survey 2000 17.8532  14 0.00866706 0.0129508 -0.160028
AI_survey 2000 17.8532  15 0.00752201 0.0170377 -0.310598
AI_survey 2000 17.8532  16 0.0174264 0.0220848 -0.133907
AI_survey 2000 17.8532  17 0.0155786 0.0275441 -0.308861
AI_survey 2000 17.8532  18 0.0128217 0.0325598 -0.469835
AI_survey 2000 17.8532  19 0.0242556 0.0363349 -0.272719
AI_survey 2000 17.8532  20 0.0297142 0.0384732 -0.192397
AI_survey 2000 17.8532  21 0.0282102 0.0391258 -0.237841
AI_survey 2000 17.8532  22 0.0127299 0.038886 -0.571601
AI_survey 2000 17.8532  23 0.0392006 0.0384659 0.0161394
AI_survey 2000 17.8532  24 0.057371 0.0383428 0.418649
AI_survey 2000 17.8532  25 0.0487467 0.0386058 0.222383
AI_survey 2000 17.8532  26 0.0378678 0.0390444 -0.0256608
AI_survey 2000 17.8532  27 0.0479902 0.0393492 0.187766
AI_survey 2000 17.8532  28 0.0281408 0.0392772 -0.242204
AI_survey 2000 17.8532  29 0.0332951 0.0387139 -0.118673
AI_survey 2000 17.8532  30 0.0692056 0.0376594 0.700079
AI_survey 2000 17.8532  31 0.0440371 0.0361821 0.177704
AI_survey 2000 17.8532  32 0.0549217 0.0343759 0.47642
AI_survey 2000 17.8532  33 0.0420946 0.0323322 0.23317
AI_survey 2000 17.8532  34 0.0164068 0.0301301 -0.339147
AI_survey 2000 17.8532  35 0.0393401 0.0278356 0.295447
AI_survey 2000 17.8532  36 0.0211933 0.0255051 -0.115538
AI_survey 2000 17.8532  37 0.026186 0.0231881 0.0841487
AI_survey 2000 17.8532  38 0.0203446 0.020928 -0.0172155
AI_survey 2000 17.8532  39 0.0316052 0.0187632 0.399794
AI_survey 2000 17.8532  40 0.0377563 0.0167251 0.692742
AI_survey 2000 17.8532  41 0.0162616 0.0148375 0.049752
AI_survey 2000 17.8532  42 0.0217967 0.0131163 0.322252
AI_survey 2000 17.8532  43 0.0134733 0.0115699 0.0751708
AI_survey 2000 17.8532  44 0.0180727 0.0101999 0.330903
AI_survey 2000 17.8532  45 0.0651275 0.0587241 0.115071
AI_survey 2002 16.5959  3 0.00455685 0.00585216 -0.0691228
AI_survey 2002 16.5959  4 0.0105695 0.00596366 0.243495
AI_survey 2002 16.5959  5 0.000827579 0.00479366 -0.23368
AI_survey 2002 16.5959  6 0.000965466 0.00429658 -0.207234
AI_survey 2002 16.5959  7 1.53849e-006 0.00440918 -0.270706
AI_survey 2002 16.5959  8 0.00164331 0.00484542 -0.187664
AI_survey 2002 16.5959  9 7.00293e-007 0.00548538 -0.302238
AI_survey 2002 16.5959  10 8.21124e-008 0.00627664 -0.323506
AI_survey 2002 16.5959  11 1.69374e-007 0.00724822 -0.347847
AI_survey 2002 16.5959  12 0.00096504 0.00850273 -0.334242
AI_survey 2002 16.5959  13 3.71099e-007 0.0101839 -0.413003
AI_survey 2002 16.5959  14 0.00213861 0.0124573 -0.378847
AI_survey 2002 16.5959  15 0.017013 0.0155096 0.0495483
AI_survey 2002 16.5959  16 0.0104744 0.0195013 -0.265873
AI_survey 2002 16.5959  17 0.00888602 0.024409 -0.409714
AI_survey 2002 16.5959  18 0.0213915 0.029844 -0.202332
AI_survey 2002 16.5959  19 0.0266936 0.0350587 -0.185254
AI_survey 2002 16.5959  20 0.0379796 0.0392086 -0.0257943
AI_survey 2002 16.5959  21 0.0364248 0.0416981 -0.107456
AI_survey 2002 16.5959  22 0.0512937 0.0424062 0.17965
AI_survey 2002 16.5959  23 0.0405177 0.041692 -0.0239301
AI_survey 2002 16.5959  24 0.0478905 0.0401985 0.159512
AI_survey 2002 16.5959  25 0.0249243 0.0385637 -0.288531
AI_survey 2002 16.5959  26 0.0392705 0.037191 0.0447628
AI_survey 2002 16.5959  27 0.0317263 0.036184 -0.0972314
AI_survey 2002 16.5959  28 0.0295922 0.0354304 -0.128638
AI_survey 2002 16.5959  29 0.0278118 0.0347357 -0.154021
AI_survey 2002 16.5959  30 0.0408953 0.0339293 0.156721
AI_survey 2002 16.5959  31 0.0383187 0.0329119 0.123442
AI_survey 2002 16.5959  32 0.0591214 0.0316547 0.639006
AI_survey 2002 16.5959  33 0.031487 0.0301766 0.0311988
AI_survey 2002 16.5959  34 0.0510489 0.0285201 0.551281
AI_survey 2002 16.5959  35 0.0302726 0.0267338 0.0893578
AI_survey 2002 16.5959  36 0.0236977 0.0248647 -0.0305249
AI_survey 2002 16.5959  37 0.0233886 0.0229553 0.0117822
AI_survey 2002 16.5959  38 0.0300767 0.0210428 0.256356
AI_survey 2002 16.5959  39 0.0183973 0.0191613 -0.0226974
AI_survey 2002 16.5959  40 0.0152411 0.0173413 -0.0655249
AI_survey 2002 16.5959  41 0.0364832 0.0156091 0.685805
AI_survey 2002 16.5959  42 0.0278475 0.0139863 0.480676
AI_survey 2002 16.5959  43 0.0184884 0.0124899 0.219947
AI_survey 2002 16.5959  44 0.0154991 0.0111307 0.169551
AI_survey 2002 16.5959  45 0.0661776 0.0655461 0.0103934
AI_survey 2004 20.8706  3 0.00174944 0.00568967 -0.239115
AI_survey 2004 20.8706  4 0.0110453 0.00758724 0.181941
AI_survey 2004 20.8706  5 0.00833839 0.00948175 -0.0538703
AI_survey 2004 20.8706  6 0.0134411 0.00930615 0.196632
AI_survey 2004 20.8706  7 0.00669465 0.0078695 -0.0607044
AI_survey 2004 20.8706  8 0.00325917 0.00712325 -0.209761
AI_survey 2004 20.8706  9 0.00107456 0.00722681 -0.331593
AI_survey 2004 20.8706  10 0.00109572 0.00785512 -0.349573
AI_survey 2004 20.8706  11 0.00451793 0.00880237 -0.209429
AI_survey 2004 20.8706  12 0.00142399 0.00997957 -0.393028
AI_survey 2004 20.8706  13 0.00341017 0.0114089 -0.34393
AI_survey 2004 20.8706  14 0.00501182 0.0131917 -0.327406
AI_survey 2004 20.8706  15 0 0.0154591 -0.572274
AI_survey 2004 20.8706  16 0.00601812 0.0183387 -0.41939
AI_survey 2004 20.8706  17 0.0187368 0.0219297 -0.0995785
AI_survey 2004 20.8706  18 0.00928922 0.0262266 -0.484097
AI_survey 2004 20.8706  19 0.0174241 0.0309923 -0.357626
AI_survey 2004 20.8706  20 0.0274237 0.0356994 -0.203741
AI_survey 2004 20.8706  21 0.0271877 0.0396493 -0.291714
AI_survey 2004 20.8706  22 0.0563451 0.0422274 0.320664
AI_survey 2004 20.8706  23 0.0249317 0.0431373 -0.40933
AI_survey 2004 20.8706  24 0.0589934 0.04249 0.373748
AI_survey 2004 20.8706  25 0.0447549 0.0407279 0.0930627
AI_survey 2004 20.8706  26 0.0466831 0.0384307 0.196095
AI_survey 2004 20.8706  27 0.0483215 0.0361061 0.299098
AI_survey 2004 20.8706  28 0.0558143 0.0340613 0.547796
AI_survey 2004 20.8706  29 0.0484461 0.0323848 0.414441
AI_survey 2004 20.8706  30 0.0360559 0.0310113 0.132926
AI_survey 2004 20.8706  31 0.0355068 0.0298115 0.152965
AI_survey 2004 20.8706  32 0.0349804 0.0286607 0.173004
AI_survey 2004 20.8706  33 0.030565 0.0274724 0.0864217
AI_survey 2004 20.8706  34 0.0478742 0.026203 0.61967
AI_survey 2004 20.8706  35 0.0393514 0.0248429 0.425763
AI_survey 2004 20.8706  36 0.0156638 0.023403 -0.233821
AI_survey 2004 20.8706  37 0.0299623 0.0219044 0.25144
AI_survey 2004 20.8706  38 0.0216898 0.0203711 0.0426365
AI_survey 2004 20.8706  39 0.0110935 0.018828 -0.259905
AI_survey 2004 20.8706  40 0.0109209 0.0172995 -0.223433
AI_survey 2004 20.8706  41 0.0180385 0.0158083 0.0816571
AI_survey 2004 20.8706  42 0.0179071 0.0143755 0.135493
AI_survey 2004 20.8706  43 0.00500392 0.01302 -0.322928
AI_survey 2004 20.8706  44 0.00915974 0.0117572 -0.11004
AI_survey 2004 20.8706  45 0.0847949 0.0718485 0.22902
AI_survey 2006 19.1104  3 0.00222387 0.00582897 -0.20685
AI_survey 2006 19.1104  4 0.00444351 0.008131 -0.179392
AI_survey 2006 19.1104  5 0.00754384 0.00965057 -0.0941567
AI_survey 2006 19.1104  6 0.012382 0.0121367 0.00979039
AI_survey 2006 19.1104  7 0.0212071 0.0144418 0.247811
AI_survey 2006 19.1104  8 0.026196 0.0142186 0.442107
AI_survey 2006 19.1104  9 0.00801556 0.0125627 -0.178405
AI_survey 2006 19.1104  10 0.00223656 0.0115264 -0.380301
AI_survey 2006 19.1104  11 0.00499941 0.0115509 -0.26792
AI_survey 2006 19.1104  12 1.5851e-007 0.0123389 -0.488417
AI_survey 2006 19.1104  13 5.52174e-007 0.0135843 -0.5128
AI_survey 2006 19.1104  14 4.05144e-007 0.0151199 -0.541457
AI_survey 2006 19.1104  15 0.000350643 0.0169137 -0.561351
AI_survey 2006 19.1104  16 0.00436011 0.0190139 -0.468927
AI_survey 2006 19.1104  17 0.00781306 0.0214876 -0.412165
AI_survey 2006 19.1104  18 0.00717052 0.0243832 -0.487766
AI_survey 2006 19.1104  19 0.00663438 0.0276961 -0.560973
AI_survey 2006 19.1104  20 0.0182994 0.0313055 -0.326446
AI_survey 2006 19.1104  21 0.0449188 0.0349125 0.238273
AI_survey 2006 19.1104  22 0.0288413 0.0380605 -0.210601
AI_survey 2006 19.1104  23 0.0472266 0.0402661 0.154766
AI_survey 2006 19.1104  24 0.0376257 0.041193 -0.0784603
AI_survey 2006 19.1104  25 0.0475513 0.0407744 0.149782
AI_survey 2006 19.1104  26 0.0413852 0.0392233 0.0486791
AI_survey 2006 19.1104  27 0.0361887 0.0369403 -0.0174174
AI_survey 2006 19.1104  28 0.0209359 0.0343709 -0.322338
AI_survey 2006 19.1104  29 0.0328633 0.0318763 0.0245584
AI_survey 2006 19.1104  30 0.0364578 0.0296662 0.174962
AI_survey 2006 19.1104  31 0.0365596 0.0278016 0.232837
AI_survey 2006 19.1104  32 0.027859 0.0262406 0.0442512
AI_survey 2006 19.1104  33 0.0352223 0.0248948 0.28971
AI_survey 2006 19.1104  34 0.0322251 0.0236727 0.245876
AI_survey 2006 19.1104  35 0.0300579 0.0225028 0.222642
AI_survey 2006 19.1104  36 0.0256707 0.0213404 0.130959
AI_survey 2006 19.1104  37 0.0660226 0.0201641 1.42588
AI_survey 2006 19.1104  38 0.0221274 0.0189679 0.101225
AI_survey 2006 19.1104  39 0.0241995 0.0177569 0.213197
AI_survey 2006 19.1104  40 0.0203172 0.0165414 0.129372
AI_survey 2006 19.1104  41 0.0247589 0.0153347 0.335167
AI_survey 2006 19.1104  42 0.0343251 0.0141515 0.746381
AI_survey 2006 19.1104  43 0.0132622 0.0130073 0.00983001
AI_survey 2006 19.1104  44 0.0200206 0.0119163 0.326365
AI_survey 2006 19.1104  45 0.0795 0.0765327 0.0487912
AI_survey 2010 17.0988  3 0.00192827 0.0062301 -0.225891
AI_survey 2010 17.0988  4 0.00906155 0.00788012 0.0552163
AI_survey 2010 17.0988  5 0.00543471 0.00906611 -0.158338
AI_survey 2010 17.0988  6 0.00421474 0.0110674 -0.270734
AI_survey 2010 17.0988  7 0.0184452 0.0146823 0.129322
AI_survey 2010 17.0988  8 0.0386883 0.0188653 0.60234
AI_survey 2010 17.0988  9 0.0282826 0.0233513 0.134997
AI_survey 2010 17.0988  10 0.032095 0.0282959 0.0947242
AI_survey 2010 17.0988  11 0.0582559 0.0312947 0.640214
AI_survey 2010 17.0988  12 0.0515 0.0308643 0.493303
AI_survey 2010 17.0988  13 0.0249217 0.0286075 -0.0914124
AI_survey 2010 17.0988  14 0.0148216 0.0266349 -0.303325
AI_survey 2010 17.0988  15 0.00958124 0.0257759 -0.42251
AI_survey 2010 17.0988  16 0.0106317 0.0258706 -0.396866
AI_survey 2010 17.0988  17 0.00452652 0.0264732 -0.565191
AI_survey 2010 17.0988  18 0.00121457 0.0272284 -0.660834
AI_survey 2010 17.0988  19 0.018376 0.0279581 -0.240311
AI_survey 2010 17.0988  20 0.00183833 0.0286217 -0.664098
AI_survey 2010 17.0988  21 0.00956854 0.0292479 -0.482859
AI_survey 2010 17.0988  22 0.0227678 0.0298797 -0.172704
AI_survey 2010 17.0988  23 0.0319874 0.0305253 0.0351387
AI_survey 2010 17.0988  24 0.0105356 0.0311224 -0.490156
AI_survey 2010 17.0988  25 0.0284941 0.0315365 -0.0719752
AI_survey 2010 17.0988  26 0.0588911 0.0315975 0.645095
AI_survey 2010 17.0988  27 0.040384 0.0311633 0.219397
AI_survey 2010 17.0988  28 0.0706328 0.030177 0.977708
AI_survey 2010 17.0988  29 0.0397002 0.0286899 0.272688
AI_survey 2010 17.0988  30 0.0420691 0.0268435 0.389466
AI_survey 2010 17.0988  31 0.0117133 0.0248239 -0.348372
AI_survey 2010 17.0988  32 0.0255872 0.0228108 0.0768796
AI_survey 2010 17.0988  33 0.0310276 0.0209378 0.291336
AI_survey 2010 17.0988  34 0.0198171 0.0192783 0.0162019
AI_survey 2010 17.0988  35 0.0202594 0.0178504 0.0752139
AI_survey 2010 17.0988  36 0.0276316 0.0166344 0.355448
AI_survey 2010 17.0988  37 0.0100521 0.0155912 -0.184826
AI_survey 2010 17.0988  38 0.00111938 0.0146773 -0.466033
AI_survey 2010 17.0988  39 0.0124859 0.0138542 -0.0483895
AI_survey 2010 17.0988  40 0.0139538 0.0130926 0.0313183
AI_survey 2010 17.0988  41 0.0195592 0.0123721 0.268751
AI_survey 2010 17.0988  42 0.00715841 0.0116806 -0.173967
AI_survey 2010 17.0988  43 0.0114502 0.0110128 0.0173252
AI_survey 2010 17.0988  44 0.00643639 0.0103674 -0.1604
AI_survey 2010 17.0988  45 0.0928997 0.0754655 0.272913
AI_survey 2012 21.1221  3 0 0.0061888 -0.362385
AI_survey 2012 21.1221  4 2.75454e-007 0.00818374 -0.417206
AI_survey 2012 21.1221  5 0.00537015 0.00961817 -0.199932
AI_survey 2012 21.1221  6 0.0134368 0.0113676 0.0896664
AI_survey 2012 21.1221  7 0.00852382 0.013272 -0.190619
AI_survey 2012 21.1221  8 0.0129412 0.0164688 -0.127345
AI_survey 2012 21.1221  9 0.020741 0.0214433 -0.0222748
AI_survey 2012 21.1221  10 0.0276643 0.027226 0.012376
AI_survey 2012 21.1221  11 0.02192 0.0335469 -0.296724
AI_survey 2012 21.1221  12 0.0314972 0.0394468 -0.187668
AI_survey 2012 21.1221  13 0.0476422 0.0424124 0.119252
AI_survey 2012 21.1221  14 0.0311158 0.0415985 -0.241257
AI_survey 2012 21.1221  15 0.0178994 0.0386831 -0.49527
AI_survey 2012 21.1221  16 0.0072182 0.0356691 -0.704931
AI_survey 2012 21.1221  17 0.0265786 0.0334784 -0.176259
AI_survey 2012 21.1221  18 0.0165574 0.0320988 -0.405166
AI_survey 2012 21.1221  19 0.00174776 0.0311787 -0.778133
AI_survey 2012 21.1221  20 0.0195248 0.0304102 -0.291298
AI_survey 2012 21.1221  21 0.0207302 0.0296431 -0.241483
AI_survey 2012 21.1221  22 0.0197928 0.0288592 -0.248856
AI_survey 2012 21.1221  23 0.0183851 0.0281059 -0.270264
AI_survey 2012 21.1221  24 0.0431549 0.0274355 0.442193
AI_survey 2012 21.1221  25 0.0297979 0.0268643 0.0833716
AI_survey 2012 21.1221  26 0.0174205 0.0263511 -0.256194
AI_survey 2012 21.1221  27 0.034326 0.0258058 0.246918
AI_survey 2012 21.1221  28 0.0378783 0.0251205 0.3746
AI_survey 2012 21.1221  29 0.0455473 0.0242103 0.637874
AI_survey 2012 21.1221  30 0.0873833 0.0230433 1.97037
AI_survey 2012 21.1221  31 0.0560765 0.0216505 1.08687
AI_survey 2012 21.1221  32 0.0410381 0.0201125 0.684887
AI_survey 2012 21.1221  33 0.0342591 0.0185316 0.535817
AI_survey 2012 21.1221  34 0.00810507 0.0170046 -0.316264
AI_survey 2012 21.1221  35 0.00814216 0.0156017 -0.276549
AI_survey 2012 21.1221  36 0.0353709 0.0143611 0.811315
AI_survey 2012 21.1221  37 0.0157061 0.0132906 0.096905
AI_survey 2012 21.1221  38 0.019173 0.0123764 0.282418
AI_survey 2012 21.1221  39 0.0131302 0.0115945 0.0659005
AI_survey 2012 21.1221  40 0.00517298 0.010917 -0.253934
AI_survey 2012 21.1221  41 0.00963998 0.0103188 -0.0308582
AI_survey 2012 21.1221  42 0.0174185 0.00977928 0.356598
AI_survey 2012 21.1221  43 0.00597718 0.00928359 -0.158365
AI_survey 2012 21.1221  44 0.00486298 0.00882173 -0.19446
AI_survey 2012 21.1221  45 0.0611318 0.0686257 -0.13622
AI_survey 2014 17.0988  3 0.00698603 0.0115945 -0.177934
AI_survey 2014 17.0988  4 0.011976 0.0414409 -0.611242
AI_survey 2014 17.0988  5 0.0219561 0.0184777 0.106775
AI_survey 2014 17.0988  6 0.0229541 0.0117933 0.427319
AI_survey 2014 17.0988  7 0.0269461 0.0129687 0.51066
AI_survey 2014 17.0988  8 0.0269461 0.015188 0.397424
AI_survey 2014 17.0988  9 0.0239521 0.0179891 0.185468
AI_survey 2014 17.0988  10 0.0199601 0.0223936 -0.0679958
AI_survey 2014 17.0988  11 0.0728543 0.028552 1.09978
AI_survey 2014 17.0988  12 0.0758483 0.0356721 0.895603
AI_survey 2014 17.0988  13 0.0958084 0.0430115 1.07596
AI_survey 2014 17.0988  14 0.0499002 0.048811 0.0209013
AI_survey 2014 17.0988  15 0.0768463 0.0509609 0.486673
AI_survey 2014 17.0988  16 0.0858283 0.0492269 0.69952
AI_survey 2014 17.0988  17 0.0499002 0.0452228 0.0930713
AI_survey 2014 17.0988  18 0.0149701 0.0407426 -0.53901
AI_survey 2014 17.0988  19 0.0229541 0.0367605 -0.303353
AI_survey 2014 17.0988  20 0.00499002 0.0334822 -0.654838
AI_survey 2014 17.0988  21 0.00399202 0.0307622 -0.640977
AI_survey 2014 17.0988  22 0.00698603 0.028414 -0.533191
AI_survey 2014 17.0988  23 0.00499002 0.026328 -0.550986
AI_survey 2014 17.0988  24 0.00598802 0.0244714 -0.49457
AI_survey 2014 17.0988  25 0.00898204 0.0228504 -0.383696
AI_survey 2014 17.0988  26 0.0159681 0.0214706 -0.156942
AI_survey 2014 17.0988  27 0.00798403 0.0203118 -0.361281
AI_survey 2014 17.0988  28 0.0189621 0.0193215 -0.0107942
AI_survey 2014 17.0988  29 0.00698603 0.0184241 -0.351613
AI_survey 2014 17.0988  30 0.0179641 0.0175407 0.0133317
AI_survey 2014 17.0988  31 0.0129741 0.0166118 -0.117656
AI_survey 2014 17.0988  32 0.0149701 0.015611 -0.0213736
AI_survey 2014 17.0988  33 0.0139721 0.0145465 -0.0198336
AI_survey 2014 17.0988  34 0.0179641 0.0134533 0.161847
AI_survey 2014 17.0988  35 0.0129741 0.0123773 0.0223096
AI_survey 2014 17.0988  36 0.00898204 0.0113631 -0.0928528
AI_survey 2014 17.0988  37 0.00499002 0.0104427 -0.221697
AI_survey 2014 17.0988  38 0.010978 0.00963221 0.0569494
AI_survey 2014 17.0988  39 0.00598802 0.00893414 -0.129394
AI_survey 2014 17.0988  40 0.00898204 0.00834004 0.0291736
AI_survey 2014 17.0988  41 0.00998004 0.00783616 0.100476
AI_survey 2014 17.0988  42 0.00998004 0.00740672 0.124019
AI_survey 2014 17.0988  43 0.00598802 0.0070372 -0.0518631
AI_survey 2014 17.0988  44 0.00499002 0.00671505 -0.0872766
AI_survey 2014 17.0988  45 0.0459082 0.0555099 -0.173385
AI_survey 2016 21.8764  3 0.002997 0.0083846 -0.276194
AI_survey 2016 21.8764  4 0.00699301 0.0201889 -0.438728
AI_survey 2016 21.8764  5 0.014985 0.0254379 -0.310453
AI_survey 2016 21.8764  6 0.024975 0.0420247 -0.397397
AI_survey 2016 21.8764  7 0.00899101 0.0265598 -0.510957
AI_survey 2016 21.8764  8 0.037962 0.0175443 0.727195
AI_survey 2016 21.8764  9 0.026973 0.0173433 0.344917
AI_survey 2016 21.8764  10 0.010989 0.0197511 -0.294457
AI_survey 2016 21.8764  11 0.0649351 0.0234625 1.28123
AI_survey 2016 21.8764  12 0.044955 0.0289521 0.446327
AI_survey 2016 21.8764  13 0.130869 0.0360306 2.37984
AI_survey 2016 21.8764  14 0.0769231 0.0438314 0.755962
AI_survey 2016 21.8764  15 0.0809191 0.0510351 0.635079
AI_survey 2016 21.8764  16 0.108891 0.0556797 1.0853
AI_survey 2016 21.8764  17 0.0919081 0.0563251 0.721826
AI_survey 2016 21.8764  18 0.038961 0.0532399 -0.297443
AI_survey 2016 21.8764  19 0.00699301 0.0479586 -0.896609
AI_survey 2016 21.8764  20 0.031968 0.0420824 -0.235594
AI_survey 2016 21.8764  21 0.011988 0.0365957 -0.612889
AI_survey 2016 21.8764  22 0.010989 0.0318611 -0.555763
AI_survey 2016 21.8764  23 0.001998 0.0278892 -0.73534
AI_survey 2016 21.8764  24 0.002997 0.0245704 -0.651652
AI_survey 2016 21.8764  25 0.017982 0.0217945 -0.122098
AI_survey 2016 21.8764  26 0.010989 0.0194806 -0.287302
AI_survey 2016 21.8764  27 0.012987 0.0175693 -0.163089
AI_survey 2016 21.8764  28 0.013986 0.016007 -0.0752965
AI_survey 2016 21.8764  29 0.00699301 0.0147339 -0.3004
AI_survey 2016 21.8764  30 0.00699301 0.0136809 -0.269188
AI_survey 2016 21.8764  31 0.000999001 0.0127763 -0.490294
AI_survey 2016 21.8764  32 0.004995 0.0119562 -0.299439
AI_survey 2016 21.8764  33 0.014985 0.0111728 0.169561
AI_survey 2016 21.8764  34 0.00599401 0.0104011 -0.203078
AI_survey 2016 21.8764  35 0.010989 0.00963636 0.0647286
AI_survey 2016 21.8764  36 0 0.0088902 -0.442732
AI_survey 2016 21.8764  37 0 0.00818105 -0.424535
AI_survey 2016 21.8764  38 0.00599401 0.00752685 -0.082896
AI_survey 2016 21.8764  39 0.011988 0.00694144 0.284094
AI_survey 2016 21.8764  40 0.00599401 0.00643093 -0.0255462
AI_survey 2016 21.8764  41 0 0.00599551 -0.362951
AI_survey 2016 21.8764  42 0.002997 0.00562998 -0.164447
AI_survey 2016 21.8764  43 0.000999001 0.00532693 -0.277833
AI_survey 2016 21.8764  44 0 0.00507741 -0.333802
AI_survey 2016 21.8764  45 0.023976 0.0440424 -0.457357
AI_survey 2018 22.3793  3 0.002997 0.00682173 -0.219658
AI_survey 2018 22.3793  4 0.002997 0.00843805 -0.281235
AI_survey 2018 22.3793  5 0.001998 0.0137342 -0.476865
AI_survey 2018 22.3793  6 0.016983 0.0233647 -0.199813
AI_survey 2018 22.3793  7 0.028971 0.0365859 -0.191853
AI_survey 2018 22.3793  8 0.0719281 0.0459531 0.586802
AI_survey 2018 22.3793  9 0.034965 0.0345511 0.0107189
AI_survey 2018 22.3793  10 0.017982 0.0251837 -0.217396
AI_survey 2018 22.3793  11 0.030969 0.0233883 0.237238
AI_survey 2018 22.3793  12 0.045954 0.0255181 0.612951
AI_survey 2018 22.3793  13 0.035964 0.0298029 0.171377
AI_survey 2018 22.3793  14 0.0709291 0.0358861 0.891125
AI_survey 2018 22.3793  15 0.112887 0.0431238 1.62448
AI_survey 2018 22.3793  16 0.0909091 0.0503614 0.877042
AI_survey 2018 22.3793  17 0.0739261 0.0560246 0.368218
AI_survey 2018 22.3793  18 0.0939061 0.0585259 0.712968
AI_survey 2018 22.3793  19 0.0579421 0.0571947 0.0152246
AI_survey 2018 22.3793  20 0.0679321 0.0526796 0.322963
AI_survey 2018 22.3793  21 0.030969 0.0463937 -0.346882
AI_survey 2018 22.3793  22 0.016983 0.0397022 -0.550368
AI_survey 2018 22.3793  23 0.00899101 0.0334863 -0.64403
AI_survey 2018 22.3793  24 0.00599401 0.0281294 -0.633215
AI_survey 2018 22.3793  25 0.001998 0.023693 -0.674668
AI_survey 2018 22.3793  26 0 0.0200899 -0.677195
AI_survey 2018 22.3793  27 0 0.0171914 -0.62549
AI_survey 2018 22.3793  28 0.00999001 0.0148743 -0.190817
AI_survey 2018 22.3793  29 0 0.0130323 -0.543399
AI_survey 2018 22.3793  30 0 0.011573 -0.51167
AI_survey 2018 22.3793  31 0.004995 0.0104137 -0.252396
AI_survey 2018 22.3793  32 0 0.00947941 -0.462547
AI_survey 2018 22.3793  33 0.010989 0.00870373 0.116322
AI_survey 2018 22.3793  34 0.000999001 0.0080328 -0.372532
AI_survey 2018 22.3793  35 0.001998 0.00742757 -0.298947
AI_survey 2018 22.3793  36 0.000999001 0.00686516 -0.335841
AI_survey 2018 22.3793  37 0.00699301 0.00633628 0.0391227
AI_survey 2018 22.3793  38 0.003996 0.00584089 -0.114434
AI_survey 2018 22.3793  39 0.00799201 0.00538479 0.168379
AI_survey 2018 22.3793  40 0 0.00497413 -0.334142
AI_survey 2018 22.3793  41 0.001998 0.00461423 -0.182426
AI_survey 2018 22.3793  42 0.000999001 0.00430705 -0.238694
AI_survey 2018 22.3793  43 0.001998 0.00405224 -0.152783
AI_survey 2018 22.3793  44 0.001998 0.00384658 -0.141091
AI_survey 2018 22.3793  45 0.018981 0.0344178 -0.400527
AI_survey 2022 30.1744  3 0 0.00413211 -0.353412
AI_survey 2022 30.1744  4 0 0.00406758 -0.350624
AI_survey 2022 30.1744  5 0 0.0057774 -0.418379
AI_survey 2022 30.1744  6 0.001998 0.00886893 -0.402338
AI_survey 2022 30.1744  7 0.004995 0.0118789 -0.348882
AI_survey 2022 30.1744  8 0.00599401 0.0162216 -0.444595
AI_survey 2022 30.1744  9 0.024975 0.0263305 -0.0464949
AI_survey 2022 30.1744  10 0.03996 0.0418793 -0.0526239
AI_survey 2022 30.1744  11 0.043956 0.0583021 -0.336294
AI_survey 2022 30.1744  12 0.0729271 0.0622648 0.242368
AI_survey 2022 30.1744  13 0.0729271 0.0542291 0.453488
AI_survey 2022 30.1744  14 0.047952 0.0451085 0.0752526
AI_survey 2022 30.1744  15 0.0509491 0.0403649 0.295372
AI_survey 2022 30.1744  16 0.040959 0.0398498 0.0311456
AI_survey 2022 30.1744  17 0.04995 0.0420052 0.217532
AI_survey 2022 30.1744  18 0.0589411 0.045375 0.358015
AI_survey 2022 30.1744  19 0.048951 0.0486815 0.00687844
AI_survey 2022 30.1744  20 0.0739261 0.0508095 0.578167
AI_survey 2022 30.1744  21 0.0599401 0.050941 0.2248
AI_survey 2022 30.1744  22 0.0589411 0.0487723 0.259308
AI_survey 2022 30.1744  23 0.037962 0.0445954 -0.176508
AI_survey 2022 30.1744  24 0.0599401 0.0391254 0.58962
AI_survey 2022 30.1744  25 0.043956 0.0331883 0.330156
AI_survey 2022 30.1744  26 0.031968 0.0274596 0.151518
AI_survey 2022 30.1744  27 0.014985 0.0223565 -0.273833
AI_survey 2022 30.1744  28 0.00999001 0.0180541 -0.332603
AI_survey 2022 30.1744  29 0.003996 0.0145607 -0.484311
AI_survey 2022 30.1744  30 0.002997 0.011794 -0.447422
AI_survey 2022 30.1744  31 0.001998 0.00963781 -0.429331
AI_survey 2022 30.1744  32 0.004995 0.00797473 -0.18391
AI_survey 2022 30.1744  33 0.00599401 0.00669886 -0.0474303
AI_survey 2022 30.1744  34 0.000999001 0.00572118 -0.343627
AI_survey 2022 30.1744  35 0 0.00496842 -0.387771
AI_survey 2022 30.1744  36 0 0.00438232 -0.364026
AI_survey 2022 30.1744  37 0.002997 0.0039172 -0.0808188
AI_survey 2022 30.1744  38 0.001998 0.00353842 -0.142303
AI_survey 2022 30.1744  39 0.000999001 0.00322206 -0.215146
AI_survey 2022 30.1744  40 0 0.00295212 -0.298398
AI_survey 2022 30.1744  41 0.002997 0.00271967 0.0291989
AI_survey 2022 30.1744  42 0.001998 0.0025201 -0.0570893
AI_survey 2022 30.1744  43 0 0.00235191 -0.266147
AI_survey 2022 30.1744  44 0.000999001 0.00221443 -0.141717
AI_survey 2022 30.1744  45 0.00999001 0.0201867 -0.398171
fishery 2004 3.81434  3 0 0.000926861 -0.0591685
fishery 2004 3.81434  4 0 0.00150548 -0.0755856
fishery 2004 3.81434  5 0 0.00228089 -0.0931773
fishery 2004 3.81434  6 0 0.00266737 -0.100814
fishery 2004 3.81434  7 0 0.00273066 -0.102011
fishery 2004 3.81434  8 0 0.00307773 -0.108341
fishery 2004 3.81434  9 0.00258234 0.00390124 -0.0412682
fishery 2004 3.81434  10 0 0.00525731 -0.141849
fishery 2004 3.81434  11 0.00106821 0.00722147 -0.141833
fishery 2004 3.81434  12 0 0.00989093 -0.195106
fishery 2004 3.81434  13 0 0.0133833 -0.227383
fishery 2004 3.81434  14 0 0.0177705 -0.262624
fishery 2004 3.81434  15 0 0.0229797 -0.29946
fishery 2004 3.81434  16 0.0118226 0.0287638 -0.197923
fishery 2004 3.81434  17 0 0.0347691 -0.370622
fishery 2004 3.81434  18 0.0126022 0.0405912 -0.276968
fishery 2004 3.81434  19 0.0108098 0.0457536 -0.326582
fishery 2004 3.81434  20 0.0214212 0.049704 -0.254136
fishery 2004 3.81434  21 0.0377729 0.0519315 -0.124611
fishery 2004 3.81434  22 0.0341823 0.052159 -0.157888
fishery 2004 3.81434  23 0.0717778 0.0504711 0.190069
fishery 2004 3.81434  24 0.0652171 0.0473007 0.164819
fishery 2004 3.81434  25 0.0436739 0.0432939 0.00364597
fishery 2004 3.81434  26 0.0522565 0.0391142 0.132381
fishery 2004 3.81434  27 0.0500728 0.0352696 0.156712
fishery 2004 3.81434  28 0.0618356 0.0320297 0.330551
fishery 2004 3.81434  29 0.0552072 0.0294377 0.2977
fishery 2004 3.81434  30 0.0690887 0.0273887 0.498901
fishery 2004 3.81434  31 0.0118891 0.0257196 -0.170606
fishery 2004 3.81434  32 0.0267773 0.0242758 0.0317373
fishery 2004 3.81434  33 0.0221968 0.0229415 -0.00971309
fishery 2004 3.81434  34 0.0169006 0.0216459 -0.0636705
fishery 2004 3.81434  35 0.0502509 0.0203536 0.413411
fishery 2004 3.81434  36 0.0101832 0.0190532 -0.126683
fishery 2004 3.81434  37 0.0369172 0.0177467 0.2835
fishery 2004 3.81434  38 0.00413672 0.0164423 -0.18893
fishery 2004 3.81434  39 0 0.0151522 -0.242171
fishery 2004 3.81434  40 0.00629465 0.0138899 -0.126703
fishery 2004 3.81434  41 0.0237503 0.0126693 0.193424
fishery 2004 3.81434  42 0.0495828 0.0115042 0.697089
fishery 2004 3.81434  43 0.0162524 0.0104073 0.112435
fishery 2004 3.81434  44 0.019577 0.00938895 0.206212
fishery 2004 3.81434  45 0.1039 0.0572379 0.392278
fishery 2005 2.7548  3 0 0.00104339 -0.0533858
fishery 2005 2.7548  4 0 0.00151632 -0.0644681
fishery 2005 2.7548  5 0 0.00237922 -0.0808856
fishery 2005 2.7548  6 0 0.00349503 -0.098155
fishery 2005 2.7548  7 0.000173651 0.00408052 -0.101596
fishery 2005 2.7548  8 0.000115768 0.0042751 -0.105687
fishery 2005 2.7548  9 0 0.00485011 -0.115753
fishery 2005 2.7548  10 1.24891e-006 0.0061123 -0.130028
fishery 2005 2.7548  11 0.000144709 0.00813979 -0.147595
fishery 2005 2.7548  12 0.00541213 0.0109696 -0.0885166
fishery 2005 2.7548  13 9.01571e-007 0.0146026 -0.201967
fishery 2005 2.7548  14 0 0.0189819 -0.230815
fishery 2005 2.7548  15 0.0092199 0.0239443 -0.159829
fishery 2005 2.7548  16 0.00270562 0.029202 -0.261149
fishery 2005 2.7548  17 0.00674698 0.0344144 -0.251876
fishery 2005 2.7548  18 0.00558982 0.0392865 -0.287847
fishery 2005 2.7548  19 0.0177079 0.0435804 -0.210313
fishery 2005 2.7548  20 0.0475105 0.0470377 0.00370598
fishery 2005 2.7548  21 0.0251868 0.0493386 -0.185075
fishery 2005 2.7548  22 0.0508719 0.0501817 0.00524712
fishery 2005 2.7548  23 0.0506716 0.0494296 0.00950953
fishery 2005 2.7548  24 0.029026 0.0472068 -0.14227
fishery 2005 2.7548  25 0.158801 0.0438933 0.93088
fishery 2005 2.7548  26 0.0556367 0.0400159 0.132265
fishery 2005 2.7548  27 0.0699268 0.0360979 0.300966
fishery 2005 2.7548  28 0.0282553 0.0325315 -0.0400004
fishery 2005 2.7548  29 0.0157476 0.0295172 -0.135009
fishery 2005 2.7548  30 0.0515345 0.0270795 0.25002
fishery 2005 2.7548  31 0.0135525 0.0251284 -0.122733
fishery 2005 2.7548  32 0.0115251 0.0235285 -0.131411
fishery 2005 2.7548  33 0.026611 0.022149 0.0503119
fishery 2005 2.7548  34 0.0231715 0.0208897 0.0264751
fishery 2005 2.7548  35 0 0.0196856 -0.235141
fishery 2005 2.7548  36 1.27017e-006 0.0185016 -0.227803
fishery 2005 2.7548  37 0.0222895 0.0173231 0.0631598
fishery 2005 2.7548  38 0.0157476 0.0161475 -0.00526484
fishery 2005 2.7548  39 0.0157476 0.0149802 0.0104819
fishery 2005 2.7548  40 0.0092199 0.0138299 -0.0654946
fishery 2005 2.7548  41 0.0176711 0.0127075 0.0735226
fishery 2005 2.7548  42 0.0550387 0.011625 0.67194
fishery 2005 2.7548  43 1.35511e-006 0.0105943 -0.171647
fishery 2005 2.7548  44 0.00500731 0.00962617 -0.0784749
fishery 2005 2.7548  45 0.153429 0.0600803 0.651938
fishery 2007 3.51767  3 0 0.000909312 -0.0562742
fishery 2007 3.51767  4 0.00252591 0.00156642 0.0453602
fishery 2007 3.51767  5 0 0.00253252 -0.0943194
fishery 2007 3.51767  6 0 0.00374344 -0.114816
fishery 2007 3.51767  7 0.0038026 0.00579153 -0.0491179
fishery 2007 3.51767  8 0 0.00809856 -0.169368
fishery 2007 3.51767  9 0.0126982 0.00942317 0.0635437
fishery 2007 3.51767  10 0.00317317 0.010196 -0.131051
fishery 2007 3.51767  11 0 0.0116219 -0.203292
fishery 2007 3.51767  12 0.0113888 0.014247 -0.0452193
fishery 2007 3.51767  13 0.00748995 0.0180306 -0.148533
fishery 2007 3.51767  14 0 0.022612 -0.285213
fishery 2007 3.51767  15 0 0.0274716 -0.315168
fishery 2007 3.51767  16 0 0.0320885 -0.341444
fishery 2007 3.51767  17 0.0102095 0.0360711 -0.260089
fishery 2007 3.51767  18 0 0.0392256 -0.378921
fishery 2007 3.51767  19 0.0060667 0.0415571 -0.33349
fishery 2007 3.51767  20 0.00778365 0.0431944 -0.326655
fishery 2007 3.51767  21 0.0122053 0.0442623 -0.292292
fishery 2007 3.51767  22 0 0.0447763 -0.406025
fishery 2007 3.51767  23 0.038923 0.0446325 -0.0518528
fishery 2007 3.51767  24 0.0266989 0.0436904 -0.155891
fishery 2007 3.51767  25 0.10199 0.0418898 0.562586
fishery 2007 3.51767  26 0.0246689 0.0393213 -0.141378
fishery 2007 3.51767  27 0.0630828 0.0362222 0.269593
fishery 2007 3.51767  28 0.0790778 0.0329108 0.485281
fishery 2007 3.51767  29 0.0540561 0.0296946 0.269134
fishery 2007 3.51767  30 0.0464818 0.0267969 0.228579
fishery 2007 3.51767  31 0.0539423 0.0243267 0.360469
fishery 2007 3.51767  32 0.0329964 0.0222898 0.135996
fishery 2007 3.51767  33 0.0102095 0.0206244 -0.137408
fishery 2007 3.51767  34 0.0335816 0.0192402 0.19576
fishery 2007 3.51767  35 0.0559148 0.0180484 0.533336
fishery 2007 3.51767  36 0.0075475 0.0169772 -0.136863
fishery 2007 3.51767  37 0.00687419 0.0159766 -0.136115
fishery 2007 3.51767  38 0.0315879 0.0150149 0.255511
fishery 2007 3.51767  39 0.0161305 0.0140762 0.0326946
fishery 2007 3.51767  40 0.00728577 0.0131539 -0.0965629
fishery 2007 3.51767  41 0.00821856 0.0122482 -0.068685
fishery 2007 3.51767  42 0.0172881 0.0113637 0.104787
fishery 2007 3.51767  43 0.0178699 0.0105073 0.135364
fishery 2007 3.51767  44 0.0153297 0.00968709 0.107995
fishery 2007 3.51767  45 0.172901 0.0638876 0.835992
fishery 2008 3.13624  3 0 0.000946753 -0.0542312
fishery 2008 3.13624  4 0 0.00145661 -0.0674076
fishery 2008 3.13624  5 0 0.00242803 -0.0871905
fishery 2008 3.13624  6 0.00674191 0.00386025 0.0821903
fishery 2008 3.13624  7 0 0.00580718 -0.135232
fishery 2008 3.13624  8 0.00395625 0.00887827 -0.0928706
fishery 2008 3.13624  9 0.0515825 0.0121103 0.638835
fishery 2008 3.13624  10 0.0144434 0.0140553 0.00583654
fishery 2008 3.13624  11 0.00762918 0.0153265 -0.110927
fishery 2008 3.13624  12 0.139562 0.01734 1.6577
fishery 2008 3.13624  13 0.0211171 0.0206769 0.00547697
fishery 2008 3.13624  14 0.0274052 0.0250785 0.0263464
fishery 2008 3.13624  15 0.0222363 0.0298624 -0.0793338
fishery 2008 3.13624  16 0 0.0342884 -0.333652
fishery 2008 3.13624  17 0.00388178 0.037828 -0.315071
fishery 2008 3.13624  18 0.00674191 0.040271 -0.301998
fishery 2008 3.13624  19 0 0.0416893 -0.369329
fishery 2008 3.13624  20 0.00556024 0.0423239 -0.323349
fishery 2008 3.13624  21 0.0319091 0.0424483 -0.0925663
fishery 2008 3.13624  22 0.0256785 0.0422472 -0.145854
fishery 2008 3.13624  23 0.0563596 0.0417538 0.129298
fishery 2008 3.13624  24 0 0.0408739 -0.365543
fishery 2008 3.13624  25 0.0186369 0.0394788 -0.189519
fishery 2008 3.13624  26 0.0598958 0.0375046 0.208682
fishery 2008 3.13624  27 0.0217774 0.0350093 -0.127472
fishery 2008 3.13624  28 0.0210966 0.032168 -0.111103
fishery 2008 3.13624  29 0.0403326 0.0292184 0.116848
fishery 2008 3.13624  30 0.0267316 0.0263895 0.00377858
fishery 2008 3.13624  31 0.0283586 0.0238466 0.0523621
fishery 2008 3.13624  32 0.0417588 0.021669 0.244298
fishery 2008 3.13624  33 0.0811227 0.019858 0.777492
fishery 2008 3.13624  34 0.0206927 0.0183639 0.0307089
fishery 2008 3.13624  35 0.0159094 0.0171148 -0.0164542
fishery 2008 3.13624  36 1.78219e-006 0.0160391 -0.226009
fishery 2008 3.13624  37 0.00891624 0.015078 -0.0895142
fishery 2008 3.13624  38 0.0281761 0.0141878 0.209395
fishery 2008 3.13624  39 0.0165947 0.0133411 0.0502017
fishery 2008 3.13624  40 0.0187236 0.0125221 0.0987238
fishery 2008 3.13624  41 0.0123659 0.0117238 0.0105597
fishery 2008 3.13624  42 0.0198458 0.010945 0.151433
fishery 2008 3.13624  43 0.0233316 0.0101888 0.231658
fishery 2008 3.13624  44 0 0.00946015 -0.172978
fishery 2008 3.13624  45 0.0709257 0.0643426 0.0475109
fishery 2009 3.81434  3 0 0.00103978 -0.0627091
fishery 2009 3.81434  4 0 0.00148706 -0.0751181
fishery 2009 3.81434  5 0 0.00224009 -0.0923346
fishery 2009 3.81434  6 0 0.00370279 -0.118904
fishery 2009 3.81434  7 0 0.0058502 -0.149693
fishery 2009 3.81434  8 0.0186682 0.00889168 0.203283
fishery 2009 3.81434  9 0.0560747 0.0133628 0.726227
fishery 2009 3.81434  10 0.178831 0.0177943 2.37835
fishery 2009 3.81434  11 0.173888 0.0205453 2.11067
fishery 2009 3.81434  12 0.0547113 0.0223895 0.426586
fishery 2009 3.81434  13 0.00966684 0.0248785 -0.190704
fishery 2009 3.81434  14 0 0.028527 -0.334618
fishery 2009 3.81434  15 0.0221947 0.0328289 -0.116539
fishery 2009 3.81434  16 0 0.0368945 -0.382206
fishery 2009 3.81434  17 0.00543713 0.0399909 -0.344378
fishery 2009 3.81434  18 0.00386611 0.0417964 -0.370125
fishery 2009 3.81434  19 0.0176998 0.0423846 -0.239272
fishery 2009 3.81434  20 0.00960382 0.0420673 -0.315803
fishery 2009 3.81434  21 0.00991859 0.0412216 -0.307485
fishery 2009 3.81434  22 0.0167255 0.0401577 -0.23307
fishery 2009 3.81434  23 0.0288376 0.0390397 -0.102858
fishery 2009 3.81434  24 0.0236189 0.0378693 -0.145788
fishery 2009 3.81434  25 0.0419442 0.0365385 0.0562616
fishery 2009 3.81434  26 0.0203477 0.0349158 -0.154974
fishery 2009 3.81434  27 0.0552825 0.0329293 0.244606
fishery 2009 3.81434  28 0.0287424 0.0306086 -0.0211565
fishery 2009 3.81434  29 0.0313789 0.0280776 0.0390239
fishery 2009 3.81434  30 0.0335979 0.0255087 0.100184
fishery 2009 3.81434  31 0.0385178 0.0230691 0.200937
fishery 2009 3.81434  32 0.0328268 0.0208796 0.163153
fishery 2009 3.81434  33 0.00543713 0.0189963 -0.193937
fishery 2009 3.81434  34 0.0127585 0.0174183 -0.0695453
fishery 2009 3.81434  35 0.00728983 0.0161062 -0.13674
fishery 2009 3.81434  36 0.0058225 0.0150039 -0.147454
fishery 2009 3.81434  37 1.29008e-006 0.0140549 -0.23308
fishery 2009 3.81434  38 0.00921816 0.0132107 -0.0682685
fishery 2009 3.81434  39 0.0058225 0.0124356 -0.116501
fishery 2009 3.81434  40 0.0054341 0.0117055 -0.113829
fishery 2009 3.81434  41 0.00288871 0.0110059 -0.151884
fishery 2009 3.81434  42 0 0.0103296 -0.199434
fishery 2009 3.81434  43 5.35237e-006 0.00967498 -0.192834
fishery 2009 3.81434  44 0 0.00904339 -0.186471
fishery 2009 3.81434  45 0.0329414 0.0635277 -0.244893
fishery 2011 3.60244  3 0 0.00108265 -0.0621989
fishery 2011 3.60244  4 0 0.00157437 -0.0751313
fishery 2011 3.60244  5 0 0.00230861 -0.0911043
fishery 2011 3.60244  6 0.00549495 0.00327854 0.073479
fishery 2011 3.60244  7 0.00549495 0.005045 0.0120421
fishery 2011 3.60244  8 0.0156632 0.00822609 0.156184
fishery 2011 3.60244  9 0.0213586 0.0128595 0.14312
fishery 2011 3.60244  10 0.0154195 0.0195062 -0.0560732
fishery 2011 3.60244  11 0.0312228 0.0279464 0.0377233
fishery 2011 3.60244  12 0.0279297 0.0353591 -0.0763405
fishery 2011 3.60244  13 0.0763407 0.0397027 0.356094
fishery 2011 3.60244  14 0.0313258 0.0418424 -0.0996778
fishery 2011 3.60244  15 0.00904183 0.0433813 -0.319907
fishery 2011 3.60244  16 0.00736903 0.044845 -0.343646
fishery 2011 3.60244  17 0 0.045848 -0.416011
fishery 2011 3.60244  18 0 0.0458811 -0.416168
fishery 2011 3.60244  19 0.0274951 0.0447723 -0.15855
fishery 2011 3.60244  20 0.0225914 0.0427185 -0.188887
fishery 2011 3.60244  21 0 0.0401104 -0.38794
fishery 2011 3.60244  22 0 0.0373511 -0.373818
fishery 2011 3.60244  23 0.038513 0.0347453 0.0390422
fishery 2011 3.60244  24 0.0377999 0.0324544 0.057247
fishery 2011 3.60244  25 0.0375896 0.0304994 0.0782475
fishery 2011 3.60244  26 0.0272623 0.0287938 -0.0173795
fishery 2011 3.60244  27 0.0365757 0.0271993 0.109386
fishery 2011 3.60244  28 0.046535 0.0255861 0.25177
fishery 2011 3.60244  29 0.035282 0.0238775 0.141755
fishery 2011 3.60244  30 0.0277861 0.0220671 0.0738749
fishery 2011 3.60244  31 0.0389616 0.0202077 0.252905
fishery 2011 3.60244  32 0.0141646 0.0183837 -0.0595962
fishery 2011 3.60244  33 0.0176451 0.0166777 0.0143346
fishery 2011 3.60244  34 0.0567914 0.0151494 0.646854
fishery 2011 3.60244  35 0.0216035 0.0138255 0.126385
fishery 2011 3.60244  36 0.0120815 0.0127034 -0.0105356
fishery 2011 3.60244  37 0.0291426 0.0117602 0.305905
fishery 2011 3.60244  38 0.0307418 0.0109627 0.360366
fishery 2011 3.60244  39 0.00545154 0.0102773 -0.0907737
fishery 2011 3.60244  40 0.0331644 0.009674 0.455274
fishery 2011 3.60244  41 0.0320146 0.00912957 0.456437
fishery 2011 3.60244  42 0.0167332 0.0086271 0.166268
fishery 2011 3.60244  43 0.0132734 0.00815601 0.107925
fishery 2011 3.60244  44 0.00672058 0.00770998 -0.0214559
fishery 2011 3.60244  45 0.087419 0.0578934 0.239937
fishery 2013 6.78106  3 0 0.00647969 -0.210138
fishery 2013 6.78106  4 0 0.00236316 -0.126472
fishery 2013 6.78106  5 0.00225469 0.00225507 -2.07712e-005
fishery 2013 6.78106  6 0.00294676 0.00320985 -0.0120931
fishery 2013 6.78106  7 0.00112734 0.00464685 -0.134616
fishery 2013 6.78106  8 0.0041858 0.00677329 -0.0820888
fishery 2013 6.78106  9 2.31179e-007 0.01055 -0.26876
fishery 2013 6.78106  10 0.0300469 0.0167675 0.269239
fishery 2013 6.78106  11 0.0412483 0.0256641 0.256586
fishery 2013 6.78106  12 0.0621072 0.0374267 0.338562
fishery 2013 6.78106  13 0.100823 0.049952 0.608035
fishery 2013 6.78106  14 0.191005 0.0590007 1.45875
fishery 2013 6.78106  15 0.0915081 0.0624126 0.313185
fishery 2013 6.78106  16 0.0685939 0.0613498 0.0786041
fishery 2013 6.78106  17 0.0303242 0.0579935 -0.308244
fishery 2013 6.78106  18 0.00530432 0.0537774 -0.559519
fishery 2013 6.78106  19 0.0150658 0.0492711 -0.411505
fishery 2013 6.78106  20 0.00373237 0.0446647 -0.515952
fishery 2013 6.78106  21 0.0349589 0.0401018 -0.0682505
fishery 2013 6.78106  22 0.0225484 0.0357603 -0.185251
fishery 2013 6.78106  23 0.0262147 0.0318152 -0.0830832
fishery 2013 6.78106  24 0.0183001 0.0283885 -0.158154
fishery 2013 6.78106  25 0.0346031 0.0255277 0.14981
fishery 2013 6.78106  26 0.0321044 0.0232039 0.153919
fishery 2013 6.78106  27 0.0106098 0.0213267 -0.193125
fishery 2013 6.78106  28 0.0299766 0.0197706 0.190864
fishery 2013 6.78106  29 0.00944049 0.0184058 -0.173642
fishery 2013 6.78106  30 0.00897572 0.017126 -0.163539
fishery 2013 6.78106  31 0.00737611 0.0158673 -0.176891
fishery 2013 6.78106  32 0.0139722 0.0146113 -0.0138638
fishery 2013 6.78106  33 0.0112606 0.0133741 -0.0478952
fishery 2013 6.78106  34 0.0175538 0.0121911 0.127203
fishery 2013 6.78106  35 0.00980144 0.0110981 -0.0322173
fishery 2013 6.78106  36 0.00298415 0.010122 -0.1856
fishery 2013 6.78106  37 0.00127851 0.00927388 -0.217094
fishery 2013 6.78106  38 0.0069363 0.00855062 -0.04563
fishery 2013 6.78106  39 0 0.00793988 -0.232817
fishery 2013 6.78106  40 0.00658258 0.00742353 -0.0254941
fishery 2013 6.78106  41 0.00484917 0.0069831 -0.0666836
fishery 2013 6.78106  42 0.00217091 0.00660143 -0.142363
fishery 2013 6.78106  43 0.00537191 0.00626494 -0.0294493
fishery 2013 6.78106  44 7.45851e-007 0.00596304 -0.201495
fishery 2013 6.78106  45 0.031855 0.0477511 -0.194102
fishery 2015 5.34008  3 0 0.00293327 -0.125127
fishery 2015 5.34008  4 0 0.00371787 -0.140977
fishery 2015 5.34008  5 0 0.00911735 -0.221545
fishery 2015 5.34008  6 0 0.00555947 -0.172629
fishery 2015 5.34008  7 7.42145e-007 0.00466779 -0.158057
fishery 2015 5.34008  8 0 0.00623123 -0.18284
fishery 2015 5.34008  9 0.0102453 0.00893943 0.0320414
fishery 2015 5.34008  10 0.00796838 0.0131925 -0.105766
fishery 2015 5.34008  11 0.00794654 0.0202708 -0.202042
fishery 2015 5.34008  12 0.0584908 0.0308231 0.369862
fishery 2015 5.34008  13 0.0826841 0.0445444 0.427172
fishery 2015 5.34008  14 0.127234 0.0597704 0.657581
fishery 2015 5.34008  15 0.063443 0.0724425 -0.0802231
fishery 2015 5.34008  16 0.140458 0.0784406 0.533006
fishery 2015 5.34008  17 0.125322 0.0769312 0.419609
fishery 2015 5.34008  18 0.0876046 0.0701959 0.157456
fishery 2015 5.34008  19 0.0441704 0.0612442 -0.164536
fishery 2015 5.34008  20 0.0281566 0.0521942 -0.249721
fishery 2015 5.34008  21 0.0184065 0.0440487 -0.288734
fishery 2015 5.34008  22 0.00858945 0.0370961 -0.348505
fishery 2015 5.34008  23 0 0.0313099 -0.41539
fishery 2015 5.34008  24 0.0139759 0.0265668 -0.180896
fishery 2015 5.34008  25 0.0066185 0.022732 -0.249773
fishery 2015 5.34008  26 0.0076699 0.0196763 -0.199721
fishery 2015 5.34008  27 0.0126125 0.0172739 -0.0826517
fishery 2015 5.34008  28 0.0200574 0.0153986 0.0874049
fishery 2015 5.34008  29 0.0125877 0.0139252 -0.0263665
fishery 2015 5.34008  30 0.00694386 0.0127343 -0.119293
fishery 2015 5.34008  31 0.0145648 0.0117239 0.0609647
fishery 2015 5.34008  32 0.00346787 0.0108177 -0.164114
fishery 2015 5.34008  33 0.00678607 0.0099683 -0.073987
fishery 2015 5.34008  34 0.0107062 0.00915652 0.0375759
fishery 2015 5.34008  35 0 0.00838274 -0.212343
fishery 2015 5.34008  36 1.17e-006 0.00765919 -0.202856
fishery 2015 5.34008  37 0 0.00699971 -0.193879
fishery 2015 5.34008  38 0.00460861 0.00641393 -0.0522189
fishery 2015 5.34008  39 0.00754579 0.00590628 0.0494028
fishery 2015 5.34008  40 0 0.00547394 -0.171286
fishery 2015 5.34008  41 0 0.00511053 -0.165462
fishery 2015 5.34008  42 0.0108599 0.00480645 0.20205
fishery 2015 5.34008  43 5.08282e-006 0.0045523 -0.155927
fishery 2015 5.34008  44 0.00246776 0.00433874 -0.0657066
fishery 2015 5.34008  45 0.0478003 0.0367117 0.136243
fishery 2017 6.61153  3 0 0.00104446 -0.0827479
fishery 2017 6.61153  4 0.00481346 0.00207346 0.154512
fishery 2017 6.61153  5 0 0.00461713 -0.174934
fishery 2017 6.61153  6 0 0.00883519 -0.242629
fishery 2017 6.61153  7 0.00595499 0.0137857 -0.172623
fishery 2017 6.61153  8 0.00590047 0.0108071 -0.121967
fishery 2017 6.61153  9 0.0118548 0.00961338 0.0590338
fishery 2017 6.61153  10 0.00618467 0.0119607 -0.136564
fishery 2017 6.61153  11 0.0179061 0.0166911 0.0243778
fishery 2017 6.61153  12 0.0132116 0.024132 -0.18294
fishery 2017 6.61153  13 0.018011 0.0350793 -0.238513
fishery 2017 6.61153  14 0.0722997 0.0490317 0.277043
fishery 2017 6.61153  15 0.155192 0.0640172 0.95766
fishery 2017 6.61153  16 0.1102 0.0768278 0.322183
fishery 2017 6.61153  17 0.109248 0.0838999 0.235085
fishery 2017 6.61153  18 0.123927 0.0834584 0.376216
fishery 2017 6.61153  19 0.113373 0.076596 0.355551
fishery 2017 6.61153  20 0.0713832 0.0661318 0.054331
fishery 2017 6.61153  21 0.0372546 0.054828 -0.198478
fishery 2017 6.61153  22 0.0294841 0.0444448 -0.186646
fishery 2017 6.61153  23 0.0209824 0.0357205 -0.204162
fishery 2017 6.61153  24 0.00658802 0.0287398 -0.34086
fishery 2017 6.61153  25 0.00405266 0.0232948 -0.327946
fishery 2017 6.61153  26 0.00604997 0.0191008 -0.245098
fishery 2017 6.61153  27 0 0.0158914 -0.326645
fishery 2017 6.61153  28 0 0.013446 -0.300073
fishery 2017 6.61153  29 0.00477355 0.011587 -0.163637
fishery 2017 6.61153  30 0.00630238 0.0101695 -0.0990596
fishery 2017 6.61153  31 0 0.00907407 -0.24592
fishery 2017 6.61153  32 0.00604997 0.00820386 -0.0613609
fishery 2017 6.61153  33 0.00569779 0.00748252 -0.053216
fishery 2017 6.61153  34 0 0.00685586 -0.213482
fishery 2017 6.61153  35 0.002455 0.00628956 -0.124619
fishery 2017 6.61153  36 0.00608078 0.00576717 0.01064
fishery 2017 6.61153  37 0.00604997 0.00528409 0.0271375
fishery 2017 6.61153  38 0.000684699 0.00484196 -0.153835
fishery 2017 6.61153  39 1.80247e-006 0.00444557 -0.171562
fishery 2017 6.61153  40 0 0.00409759 -0.164733
fishery 2017 6.61153  41 0 0.00379947 -0.158588
fishery 2017 6.61153  42 0 0.00354904 -0.153239
fishery 2017 6.61153  43 0 0.00334314 -0.148699
fishery 2017 6.61153  44 0.0028634 0.00317658 -0.0142882
fishery 2017 6.61153  45 0.0151692 0.0279646 -0.199519
fishery 2019 8.5187  3 0.00147404 0.000851822 0.0618881
fishery 2019 8.5187  4 0.00382953 0.00141521 0.186789
fishery 2019 8.5187  5 0.00646762 0.00211286 0.276155
fishery 2019 8.5187  6 0.00974668 0.00459538 0.222062
fishery 2019 8.5187  7 0.025002 0.00900967 0.49371
fishery 2019 8.5187  8 0.0306022 0.017588 0.288888
fishery 2019 8.5187  9 0.0679038 0.0228898 0.878314
fishery 2019 8.5187  10 0.0281009 0.020491 0.156738
fishery 2019 8.5187  11 0.0461627 0.0194476 0.564504
fishery 2019 8.5187  12 0.0681601 0.0228633 0.884328
fishery 2019 8.5187  13 0.0434373 0.029899 0.231977
fishery 2019 8.5187  14 0.072861 0.039964 0.490131
fishery 2019 8.5187  15 0.0760717 0.0522326 0.31269
fishery 2019 8.5187  16 0.088758 0.0647619 0.284561
fishery 2019 8.5187  17 0.0995455 0.0750146 0.27179
fishery 2019 8.5187  18 0.106371 0.080682 0.275286
fishery 2019 8.5187  19 0.0584513 0.0804932 -0.236458
fishery 2019 8.5187  20 0.046436 0.0748223 -0.314876
fishery 2019 8.5187  21 0.0191629 0.0654455 -0.546175
fishery 2019 8.5187  22 0.00939059 0.0545895 -0.580647
fishery 2019 8.5187  23 0.00665175 0.0440543 -0.5319
fishery 2019 8.5187  24 0.00543851 0.0348663 -0.468153
fishery 2019 8.5187  25 8.89872e-007 0.0273776 -0.489577
fishery 2019 8.5187  26 0.00730587 0.0215239 -0.285885
fishery 2019 8.5187  27 0.00020237 0.0170581 -0.379822
fishery 2019 8.5187  28 0.00740494 0.0136952 -0.15791
fishery 2019 8.5187  29 0.00261074 0.0111786 -0.237747
fishery 2019 8.5187  30 0.00405858 0.0092989 -0.159267
fishery 2019 8.5187  31 0.00684432 0.00789282 -0.034561
fishery 2019 8.5187  32 0.000541568 0.00683446 -0.222771
fishery 2019 8.5187  33 0 0.00602553 -0.227059
fishery 2019 8.5187  34 0.0100528 0.00539109 0.185639
fishery 2019 8.5187  35 0.000203224 0.00487505 -0.19557
fishery 2019 8.5187  36 0.00525431 0.00443861 0.0357746
fishery 2019 8.5187  37 0.00392695 0.004057 -0.00596431
fishery 2019 8.5187  38 1.05975e-006 0.00371602 -0.177963
fishery 2019 8.5187  39 0.00159217 0.00341014 -0.0908858
fishery 2019 8.5187  40 0.00156586 0.00313735 -0.0818862
fishery 2019 8.5187  41 6.41958e-007 0.00289863 -0.157062
fishery 2019 8.5187  42 0.00308592 0.00269424 0.0220131
fishery 2019 8.5187  43 0.00166849 0.00252442 -0.049686
fishery 2019 8.5187  44 0.000782032 0.00238758 -0.0958177
fishery 2019 8.5187  45 0.0228721 0.0214947 0.0277148
fishery 2020 9.49348  3 0 0.000597717 -0.0747291
fishery 2020 9.49348  4 0.00368721 0.00121853 0.217145
fishery 2020 9.49348  5 0.0245371 0.00199099 1.55452
fishery 2020 9.49348  6 0.0267638 0.00309731 1.31018
fishery 2020 9.49348  7 0.0301698 0.00669281 0.886518
fishery 2020 9.49348  8 0.0564973 0.0132095 1.16778
fishery 2020 9.49348  9 0.109248 0.0243031 1.69931
fishery 2020 9.49348  10 0.0355186 0.0301911 0.0959143
fishery 2020 9.49348  11 0.0273063 0.0281371 -0.0154758
fishery 2020 9.49348  12 0.0527588 0.0271736 0.484766
fishery 2020 9.49348  13 0.0683266 0.0308511 0.667669
fishery 2020 9.49348  14 0.0761511 0.0382892 0.607855
fishery 2020 9.49348  15 0.071555 0.0481787 0.33631
fishery 2020 9.49348  16 0.0490245 0.0589839 -0.130241
fishery 2020 9.49348  17 0.0575142 0.0686538 -0.135727
fishery 2020 9.49348  18 0.0492024 0.0751681 -0.303415
fishery 2020 9.49348  19 0.0585983 0.077135 -0.214055
fishery 2020 9.49348  20 0.0444586 0.0742063 -0.349672
fishery 2020 9.49348  21 0.0199674 0.0672122 -0.581328
fishery 2020 9.49348  22 0.0348207 0.0577867 -0.303232
fishery 2020 9.49348  23 0.00685781 0.0476768 -0.590182
fishery 2020 9.49348  24 0.0080673 0.0381993 -0.484302
fishery 2020 9.49348  25 0.0182221 0.0300668 -0.213674
fishery 2020 9.49348  26 0.00840774 0.0234876 -0.306734
fishery 2020 9.49348  27 0.00840899 0.0183641 -0.228393
fishery 2020 9.49348  28 0.00560818 0.0144667 -0.22851
fishery 2020 9.49348  29 0.00401158 0.0115411 -0.217116
fishery 2020 9.49348  30 0.00255665 0.00935912 -0.217557
fishery 2020 9.49348  31 0.00255596 0.00773529 -0.182035
fishery 2020 9.49348  32 0.00384986 0.00652508 -0.102299
fishery 2020 9.49348  33 0.00426333 0.00561663 -0.0557456
fishery 2020 9.49348  34 0 0.00492478 -0.216541
fishery 2020 9.49348  35 0.00919484 0.00438469 0.22406
fishery 2020 9.49348  36 0.00130171 0.00394929 -0.129901
fishery 2020 9.49348  37 0 0.00358565 -0.184576
fishery 2020 9.49348  38 0.000600512 0.00327213 -0.143921
fishery 2020 9.49348  39 0.00293531 0.00299695 -0.00346906
fishery 2020 9.49348  40 0.00130125 0.00275373 -0.0852461
fishery 2020 9.49348  41 0 0.00254084 -0.155204
fishery 2020 9.49348  42 0.000599798 0.00235759 -0.11144
fishery 2020 9.49348  43 0 0.00220431 -0.144493
fishery 2020 9.49348  44 0.00112013 0.00208028 -0.0647744
fishery 2020 9.49348  45 0.0140316 0.0188344 -0.108829
fishery 2021 16.8255  3 0 0.000469387 -0.0879581
fishery 2021 16.8255  4 0 0.000887805 -0.121592
fishery 2021 16.8255  5 0.0329904 0.00171872 3.0878
fishery 2021 16.8255  6 0.0330771 0.00279551 2.34837
fishery 2021 16.8255  7 0.0340585 0.00461838 1.77917
fishery 2021 16.8255  8 0.0482985 0.00971944 1.61218
fishery 2021 16.8255  9 0.0739455 0.0192485 1.63252
fishery 2021 16.8255  10 0.0847879 0.0330683 1.18624
fishery 2021 16.8255  11 0.0663357 0.0397721 0.557497
fishery 2021 16.8255  12 0.0422616 0.0380307 0.0907204
fishery 2021 16.8255  13 0.0498924 0.036836 0.284292
fishery 2021 16.8255  14 0.0542176 0.0400093 0.297343
fishery 2021 16.8255  15 0.0720051 0.046602 0.494294
fishery 2021 16.8255  16 0.0735918 0.0547894 0.33888
fishery 2021 16.8255  17 0.0628366 0.0627738 0.00106285
fishery 2021 16.8255  18 0.0381874 0.0688408 -0.49659
fishery 2021 16.8255  19 0.0337405 0.0716823 -0.603282
fishery 2021 16.8255  20 0.0496897 0.0706695 -0.335781
fishery 2021 16.8255  21 0.0283287 0.0659812 -0.622099
fishery 2021 16.8255  22 0.016256 0.0585421 -0.738775
fishery 2021 16.8255  23 0.0202513 0.0496829 -0.555545
fishery 2021 16.8255  24 0.0115532 0.040685 -0.604787
fishery 2021 16.8255  25 0.00567052 0.0324646 -0.62004
fishery 2021 16.8255  26 0.0113985 0.02549 -0.366674
fishery 2021 16.8255  27 0.00505699 0.0198692 -0.435277
fishery 2021 16.8255  28 0.00557512 0.0154947 -0.329336
fishery 2021 16.8255  29 0.00269944 0.0121657 -0.354058
fishery 2021 16.8255  30 0.00607269 0.00966556 -0.150556
fishery 2021 16.8255  31 0.00790609 0.00780139 0.00487847
fishery 2021 16.8255  32 0.00194575 0.00641532 -0.229457
fishery 2021 16.8255  33 0.0013036 0.00538307 -0.228478
fishery 2021 16.8255  34 0.00247173 0.00460927 -0.129306
fishery 2021 16.8255  35 0.00140919 0.00402095 -0.169079
fishery 2021 16.8255  36 0.00319822 0.00356387 -0.0251342
fishery 2021 16.8255  37 0.00140944 0.00319835 -0.129757
fishery 2021 16.8255  38 0.00300876 0.00289628 0.00857103
fishery 2021 16.8255  39 0 0.00264007 -0.210643
fishery 2021 16.8255  40 0.00268202 0.00241865 0.0219485
fishery 2021 16.8255  41 0 0.002227 -0.193356
fishery 2021 16.8255  42 0.00130356 0.00206249 -0.068453
fishery 2021 16.8255  43 0.0010168 0.00192454 -0.0847379
fishery 2021 16.8255  44 0.000142267 0.00181249 -0.160628
fishery 2021 16.8255  45 0.0094239 0.016453 -0.226586
fishery 2023 17.885  3 0 0.000580485 -0.101055
fishery 2023 17.885  4 0.00323979 0.000824812 0.353627
fishery 2023 17.885  5 0.00342425 0.00102305 0.316109
fishery 2023 17.885  6 0.040979 0.00181136 3.88482
fishery 2023 17.885  7 0.0369087 0.0033388 2.45741
fishery 2023 17.885  8 0.0482552 0.00549239 2.44474
fishery 2023 17.885  9 0.0423211 0.00994383 1.37931
fishery 2023 17.885  10 0.0641862 0.019963 1.33676
fishery 2023 17.885  11 0.103614 0.0375534 1.46933
fishery 2023 17.885  12 0.0900534 0.0566961 0.609955
fishery 2023 17.885  13 0.0568819 0.064872 -0.137183
fishery 2023 17.885  14 0.040401 0.0626448 -0.388174
fishery 2023 17.885  15 0.0352113 0.0585522 -0.420396
fishery 2023 17.885  16 0.0194045 0.0569621 -0.68525
fishery 2023 17.885  17 0.0437177 0.0576505 -0.25278
fishery 2023 17.885  18 0.0326864 0.059095 -0.473595
fishery 2023 17.885  19 0.0474564 0.0599911 -0.223211
fishery 2023 17.885  20 0.0504246 0.0595 -0.162234
fishery 2023 17.885  21 0.0342272 0.0572122 -0.418506
fishery 2023 17.885  22 0.0492155 0.0531046 -0.0733389
fishery 2023 17.885  23 0.0330278 0.0475045 -0.287787
fishery 2023 17.885  24 0.0320567 0.040995 -0.190621
fishery 2023 17.885  25 0.0207839 0.0342499 -0.313082
fishery 2023 17.885  26 0.00688691 0.0278536 -0.538757
fishery 2023 17.885  27 0.00564454 0.0221943 -0.475001
fishery 2023 17.885  28 0.00452683 0.0174483 -0.417234
fishery 2023 17.885  29 0.00695923 0.0136254 -0.24309
fishery 2023 17.885  30 0.00665244 0.0106345 -0.164101
fishery 2023 17.885  31 0.00154164 0.00834184 -0.316007
fishery 2023 17.885  32 0 0.00660838 -0.344672
fishery 2023 17.885  33 0.00165968 0.00530808 -0.212142
fishery 2023 17.885  34 0.0009285 0.00433684 -0.219102
fishery 2023 17.885  35 0.00157111 0.00361095 -0.143621
fishery 2023 17.885  36 0.00386881 0.00306595 0.0613153
fishery 2023 17.885  37 0.00270778 0.00265244 0.00454153
fishery 2023 17.885  38 0.00286747 0.00233304 0.0467476
fishery 2023 17.885  39 0.00121146 0.0020812 -0.0805176
fishery 2023 17.885  40 0.000785542 0.00187781 -0.106415
fishery 2023 17.885  41 0.000899525 0.00171077 -0.0827769
fishery 2023 17.885  42 0.00146027 0.0015723 -0.0119204
fishery 2023 17.885  43 0.00199573 0.00145836 0.0593497
fishery 2023 17.885  44 0 0.00136636 -0.155863
fishery 2023 17.885  45 0.0193557 0.0123586 0.267737
