Rougheye
0 # SSL Species???
0 # Constant buffer of Dorn
1 # Number of fsheries
1 # Number of sexes??
0.0345474 #  average 5 yr f 
1 # author f
0.4 # ABC SPR
0.35 # MSY SPR
3 # Spawnmo
43 # Number of ages
1 # Fratio
 # Natural mortality 
 0.15 0.15 0.15 0.15 0.15 0.15 0.15 0.15 0.15 0.15 0.15 0.15 0.15 0.15 0.15 0.15 0.15 0.15 0.15 0.15 0.15 0.15 0.15 0.15 0.15 0.15 0.15 0.15 0.15 0.15 0.15 0.15 0.15 0.15 0.15 0.15 0.15 0.15 0.15 0.15 0.15 0.15 0.15
 # Maturity 
 0.00340888 0.0044329 0.00576276 0.00748857 0.00972617 0.0126239 0.0163706 0.0212054 0.0274284 0.0354115 0.0456091 0.0585651 0.0749125 0.0953608 0.120663 0.151553 0.188655 0.232353 0.282646 0.339018 0.400358 0.464988 0.530817 0.59559 0.657196 0.713924 0.764628 0.808752 0.846267 0.877538 0.903175 0.923911 0.940499 0.953652 0.964008 0.972118 0.978442 0.983356 0.987164 0.99011 0.992385 0.99414 0.998196
 # Wt Spawn 
 61 90 124 163 208 256 309 364 423 483 544 607 671 734 797 860 922 983 1043 1102 1159 1214 1268 1319 1369 1418 1464 1508 1551 1591 1630 1667 1702 1736 1768 1799 1828 1855 1881 1906 1929 1951 2061.2
 # Wt Fish 
 61 90 124 163 208 256 309 364 423 483 544 607 671 734 797 860 922 983 1043 1102 1159 1214 1268 1319 1369 1418 1464 1508 1551 1591 1630 1667 1702 1736 1768 1799 1828 1855 1881 1906 1929 1951 2061.2
 # selectivity 
 0.000489601 0.000833142 0.0014174 0.00241038 0.00409617 0.00695275 0.0117779 0.0198846 0.0333827 0.0555244 0.0909699 0.145556 0.224796 0.330489 0.456605 0.588542 0.708869 0.80563 0.875862 0.923139 0.953369 0.972069 0.983401 0.990182 0.994209 0.99659 0.997994 0.998821 0.999307 0.999593 0.999761 0.99986 0.999918 0.999952 0.999972 0.999984 0.999991 0.999995 0.999997 0.999998 0.999999 1 1
 # natage 
 19.0328 16.3814 14.0992 8.51435 8.68005 10.5661 10.2058 8.78209 6.93362 17.0298 5.04659 25.1588 2.75783 2.56493 2.04801 1.78871 1.40449 1.16115 1.09424 1.07267 0.837088 0.741576 0.69757 0.494744 0.249282 0.160154 0.117307 0.0908842 0.0729238 0.0590428 0.0475522 0.0390827 0.0328288 0.0285927 0.0256526 0.0236175 0.0223162 0.0218391 0.0220526 0.0222234 0.021347 0.018824 0.149834
 # Nrec 
33
 # rec 
 14.634 15.5451 16.2739 16.4447 15.6062 13.6136 11.3374 9.43917 8.12331 7.25241 6.65394 6.26938 6.08582 6.12326 6.29223 6.59281 6.86539 7.20816 7.83285 8.99981 11.7877 19.6849 23.3468 20.8632 19.7768 21.2636 18.197 16.2151 16.5084 17.7576 17.2424 18.3869 16.8908
 # ssb 
 12187.6 12168.6 11706.8 11229.9 11198.9 11182.9 11228.3 11273.1 11290.4 11273.9 11210 11088.6 10907.2 10554.2 9955.74 9608.15 8997 8435.06 7920.09 7460.98 6886.83 6311.9 5866.04 5474.38 5108.82 4707.61 4401.07 4135.38 3888.69 3678.69 3456.31 3261.97 3083
