 index year n comp_unit obs pred pearson
AI_survey 1991 5.78342  3 0.000194647 0.000495298 -0.032173
AI_survey 1991 5.78342  4 0.000778412 0.000766329 0.00104333
AI_survey 1991 5.78342  5 0.00122284 0.00118125 0.00289975
AI_survey 1991 5.78342  6 0.0006653 0.00184859 -0.0660686
AI_survey 1991 5.78342  7 0.00324987 0.00293086 0.0141675
AI_survey 1991 5.78342  8 0.00995889 0.00455471 0.192801
AI_survey 1991 5.78342  9 0.00968454 0.00668139 0.0885868
AI_survey 1991 5.78342  10 0.0188999 0.00915286 0.246007
AI_survey 1991 5.78342  11 0.0192253 0.0118848 0.162829
AI_survey 1991 5.78342  12 0.0101137 0.0149194 -0.0952999
AI_survey 1991 5.78342  13 0.00225851 0.0183103 -0.287849
AI_survey 1991 5.78342  14 0.0341212 0.0220081 0.198513
AI_survey 1991 5.78342  15 0.0141437 0.0258546 -0.177427
AI_survey 1991 5.78342  16 0.0139545 0.0296722 -0.222729
AI_survey 1991 5.78342  17 0.00539036 0.0333308 -0.374284
AI_survey 1991 5.78342  18 0.00861163 0.0367111 -0.359299
AI_survey 1991 5.78342  19 0.016474 0.039651 -0.285598
AI_survey 1991 5.78342  20 0.0406097 0.0419644 -0.0162465
AI_survey 1991 5.78342  21 0.0212907 0.0435036 -0.261846
AI_survey 1991 5.78342  22 0.0312881 0.0442014 -0.151071
AI_survey 1991 5.78342  23 0.0388767 0.0440689 -0.0608303
AI_survey 1991 5.78342  24 0.0370146 0.0431701 -0.0728286
AI_survey 1991 5.78342  25 0.032465 0.0416038 -0.11005
AI_survey 1991 5.78342  26 0.0530222 0.0394922 0.167044
AI_survey 1991 5.78342  27 0.0623946 0.0369753 0.323911
AI_survey 1991 5.78342  28 0.0538427 0.0342027 0.259836
AI_survey 1991 5.78342  29 0.0851207 0.0313202 0.742695
AI_survey 1991 5.78342  30 0.070118 0.0284556 0.602486
AI_survey 1991 5.78342  31 0.0447166 0.0257104 0.28874
AI_survey 1991 5.78342  32 0.0498533 0.0231556 0.426808
AI_survey 1991 5.78342  33 0.0471895 0.0208327 0.443692
AI_survey 1991 5.78342  34 0.0367768 0.0187592 0.319288
AI_survey 1991 5.78342  35 0.0379703 0.0169347 0.391959
AI_survey 1991 5.78342  36 0.0328711 0.0153478 0.342693
AI_survey 1991 5.78342  37 0.0110179 0.0139808 -0.060665
AI_survey 1991 5.78342  38 0.0171297 0.0128132 0.0922623
AI_survey 1991 5.78342  39 0.00673415 0.0118264 -0.113234
AI_survey 1991 5.78342  40 0.0044715 0.0110039 -0.150521
AI_survey 1991 5.78342  41 0.00213719 0.0103335 -0.19482
AI_survey 1991 5.78342  42 0.0061816 0.00980701 -0.0884305
AI_survey 1991 5.78342  43 0.00339066 0.00941996 -0.150024
AI_survey 1991 5.78342  44 0 0.00916926 -0.23122
AI_survey 1991 5.78342  45 0.00456953 0.101994 -0.774131
AI_survey 1994 13.8299  3 0 0.000581201 -0.0889195
AI_survey 1994 13.8299  4 0 0.000789312 -0.103866
AI_survey 1994 13.8299  5 0 0.0010834 -0.121912
AI_survey 1994 13.8299  6 4.4103e-008 0.00155645 -0.146357
AI_survey 1994 13.8299  7 6.07837e-008 0.00232849 -0.179272
AI_survey 1994 13.8299  8 2.12867e-007 0.00356254 -0.222041
AI_survey 1994 13.8299  9 0.00101335 0.0054954 -0.225264
AI_survey 1994 13.8299  10 0.00107614 0.00835439 -0.297196
AI_survey 1994 13.8299  11 0.00625964 0.0120964 -0.198482
AI_survey 1994 13.8299  12 0.00988276 0.0162847 -0.188047
AI_survey 1994 13.8299  13 0.0148471 0.0203599 -0.145131
AI_survey 1994 13.8299  14 0.0138645 0.0239808 -0.245857
AI_survey 1994 13.8299  15 0.0343408 0.027085 0.166194
AI_survey 1994 13.8299  16 0.0217599 0.0297406 -0.174687
AI_survey 1994 13.8299  17 0.0390208 0.0320157 0.147959
AI_survey 1994 13.8299  18 0.0288573 0.0339523 -0.104606
AI_survey 1994 13.8299  19 0.0254975 0.0355932 -0.202615
AI_survey 1994 13.8299  20 0.0315988 0.0369797 -0.106026
AI_survey 1994 13.8299  21 0.0477571 0.0381179 0.187186
AI_survey 1994 13.8299  22 0.00976053 0.0389632 -0.561154
AI_survey 1994 13.8299  23 0.0228623 0.0394428 -0.316743
AI_survey 1994 13.8299  24 0.0315646 0.0394895 -0.151308
AI_survey 1994 13.8299  25 0.0261062 0.0390678 -0.248749
AI_survey 1994 13.8299  26 0.0424472 0.0381773 0.0828571
AI_survey 1994 13.8299  27 0.0177434 0.0368476 -0.377077
AI_survey 1994 13.8299  28 0.0207996 0.0351341 -0.28949
AI_survey 1994 13.8299  29 0.0207061 0.033112 -0.257806
AI_survey 1994 13.8299  30 0.0393987 0.0308702 0.183339
AI_survey 1994 13.8299  31 0.0590584 0.028504 0.68271
AI_survey 1994 13.8299  32 0.0734838 0.0261064 1.10477
AI_survey 1994 13.8299  33 0.0337919 0.0237588 0.244943
AI_survey 1994 13.8299  34 0.0543105 0.0215262 0.839882
AI_survey 1994 13.8299  35 0.0332877 0.0194544 0.372377
AI_survey 1994 13.8299  36 0.0620435 0.0175718 1.25838
AI_survey 1994 13.8299  37 0.0351032 0.0158918 0.571121
AI_survey 1994 13.8299  38 0.025045 0.014416 0.3315
AI_survey 1994 13.8299  39 0.0296367 0.0131404 0.538522
AI_survey 1994 13.8299  40 0.0115083 0.0120572 -0.0186974
AI_survey 1994 13.8299  41 0.0206918 0.0111591 0.337331
AI_survey 1994 13.8299  42 0.00807473 0.0104402 -0.0865058
AI_survey 1994 13.8299  43 0.0238838 0.00989688 0.5252
AI_survey 1994 13.8299  44 0.00746473 0.00952616 -0.078881
AI_survey 1994 13.8299  45 0.0154511 0.105488 -1.08998
AI_survey 1997 20.8706  3 0 0.000948731 -0.140046
AI_survey 1997 20.8706  4 0 0.00117544 -0.156058
AI_survey 1997 20.8706  5 0 0.00143526 -0.172599
AI_survey 1997 20.8706  6 0 0.00179493 -0.193187
AI_survey 1997 20.8706  7 1.0095e-007 0.00234331 -0.220928
AI_survey 1997 20.8706  8 0.00224275 0.00320288 -0.0775083
AI_survey 1997 20.8706  9 0.00373533 0.00455176 -0.0553499
AI_survey 1997 20.8706  10 0.00608094 0.00660723 -0.029655
AI_survey 1997 20.8706  11 0.00778029 0.00960418 -0.0853905
AI_survey 1997 20.8706  12 0.000795589 0.0137001 -0.506974
AI_survey 1997 20.8706  13 0.00701329 0.0187293 -0.39471
AI_survey 1997 20.8706  14 0.0269124 0.0240455 0.0854777
AI_survey 1997 20.8706  15 0.0177279 0.0287812 -0.301977
AI_survey 1997 20.8706  16 0.0211829 0.032324 -0.287742
AI_survey 1997 20.8706  17 0.019678 0.0345474 -0.3719
AI_survey 1997 20.8706  18 0.020313 0.0356892 -0.3786
AI_survey 1997 20.8706  19 0.0292451 0.0361077 -0.168028
AI_survey 1997 20.8706  20 0.047564 0.0361169 0.280243
AI_survey 1997 20.8706  21 0.0533956 0.0359379 0.428418
AI_survey 1997 20.8706  22 0.0294701 0.0357057 -0.153503
AI_survey 1997 20.8706  23 0.0117479 0.0354808 -0.586014
AI_survey 1997 20.8706  24 0.0266307 0.0352574 -0.21366
AI_survey 1997 20.8706  25 0.0345445 0.034984 -0.010927
AI_survey 1997 20.8706  26 0.0473857 0.0345886 0.319888
AI_survey 1997 20.8706  27 0.0510916 0.0340035 0.430675
AI_survey 1997 20.8706  28 0.0474601 0.0331817 0.364134
AI_survey 1997 20.8706  29 0.0322671 0.032102 0.00427661
AI_survey 1997 20.8706  30 0.0394547 0.0307684 0.229758
AI_survey 1997 20.8706  31 0.0368641 0.0292076 0.20769
AI_survey 1997 20.8706  32 0.0347004 0.027465 0.202213
AI_survey 1997 20.8706  33 0.0575473 0.0255979 0.924007
AI_survey 1997 20.8706  34 0.0384041 0.0236692 0.442728
AI_survey 1997 20.8706  35 0.0395772 0.0217402 0.558641
AI_survey 1997 20.8706  36 0.0445735 0.0198662 0.808694
AI_survey 1997 20.8706  37 0.0240801 0.0180924 0.205177
AI_survey 1997 20.8706  38 0.0179387 0.0164521 0.0533739
AI_survey 1997 20.8706  39 0.0320748 0.0149693 0.643333
AI_survey 1997 20.8706  40 0.0132547 0.0136595 -0.0159261
AI_survey 1997 20.8706  41 0.00983998 0.0125334 -0.110561
AI_survey 1997 20.8706  42 0.0230118 0.011598 0.486803
AI_survey 1997 20.8706  43 0.0079477 0.010859 -0.128271
AI_survey 1997 20.8706  44 0.0095146 0.0103191 -0.0363521
AI_survey 1997 20.8706  45 0.0269515 0.110256 -1.21502
AI_survey 2000 17.8532  3 0 0.0019932 -0.188357
AI_survey 2000 17.8532  4 0 0.00219271 -0.197624
AI_survey 2000 17.8532  5 0 0.00247542 -0.210062
AI_survey 2000 17.8532  6 4.27907e-007 0.00284792 -0.225381
AI_survey 2000 17.8532  7 0.000464994 0.00335834 -0.211
AI_survey 2000 17.8532  8 0.00129896 0.00405605 -0.183065
AI_survey 2000 17.8532  9 0.000676734 0.00502944 -0.25973
AI_survey 2000 17.8532  10 0 0.00642879 -0.339615
AI_survey 2000 17.8532  11 0.00103488 0.00844805 -0.342035
AI_survey 2000 17.8532  12 0.000668179 0.011267 -0.424112
AI_survey 2000 17.8532  13 0.00849486 0.0149828 -0.225582
AI_survey 2000 17.8532  14 0.00866706 0.0195504 -0.332062
AI_survey 2000 17.8532  15 0.00752201 0.0246836 -0.467253
AI_survey 2000 17.8532  16 0.0174264 0.0297861 -0.307153
AI_survey 2000 17.8532  17 0.0155786 0.034101 -0.431165
AI_survey 2000 17.8532  18 0.0128217 0.0370462 -0.541854
AI_survey 2000 17.8532  19 0.0242556 0.0384555 -0.311977
AI_survey 2000 17.8532  20 0.0297142 0.0385558 -0.19401
AI_survey 2000 17.8532  21 0.0282102 0.0377717 -0.211888
AI_survey 2000 17.8532  22 0.0127299 0.0365307 -0.535975
AI_survey 2000 17.8532  23 0.0392006 0.035159 0.0927042
AI_survey 2000 17.8532  24 0.057371 0.0338587 0.549207
AI_survey 2000 17.8532  25 0.0487467 0.0327263 0.380402
AI_survey 2000 17.8532  26 0.0378678 0.0317782 0.146665
AI_survey 2000 17.8532  27 0.0479902 0.0309757 0.414889
AI_survey 2000 17.8532  28 0.0281408 0.0302509 -0.052047
AI_survey 2000 17.8532  29 0.0332951 0.0295281 0.0940091
AI_survey 2000 17.8532  30 0.0692056 0.0287398 1.0232
AI_survey 2000 17.8532  31 0.0440371 0.0278365 0.41604
AI_survey 2000 17.8532  32 0.0549217 0.0267907 0.735984
AI_survey 2000 17.8532  33 0.0420946 0.0255963 0.441325
AI_survey 2000 17.8532  34 0.0164068 0.0242661 -0.215768
AI_survey 2000 17.8532  35 0.0393401 0.022828 0.467034
AI_survey 2000 17.8532  36 0.0211933 0.0213203 -0.00371429
AI_survey 2000 17.8532  37 0.026186 0.0197865 0.19411
AI_survey 2000 17.8532  38 0.0203446 0.01827 0.065437
AI_survey 2000 17.8532  39 0.0316052 0.0168124 0.486016
AI_survey 2000 17.8532  40 0.0377563 0.0154508 0.763902
AI_survey 2000 17.8532  41 0.0162616 0.0142178 0.0729185
AI_survey 2000 17.8532  42 0.0217967 0.0131412 0.321024
AI_survey 2000 17.8532  43 0.0134733 0.0122443 0.0471988
AI_survey 2000 17.8532  44 0.0180727 0.0115442 0.25812
AI_survey 2000 17.8532  45 0.0651275 0.117318 -0.685245
AI_survey 2002 16.5959  3 0.00455685 0.00393173 0.0406424
AI_survey 2002 16.5959  4 0.0105695 0.00471729 0.34757
AI_survey 2002 16.5959  5 0.000827579 0.00437571 -0.218743
AI_survey 2002 16.5959  6 0.000965466 0.00441851 -0.211854
AI_survey 2002 16.5959  7 1.53849e-006 0.00488732 -0.285116
AI_survey 2002 16.5959  8 0.00164331 0.00558501 -0.215279
AI_survey 2002 16.5959  9 7.00293e-007 0.00649961 -0.329217
AI_survey 2002 16.5959  10 8.21124e-008 0.00768536 -0.35828
AI_survey 2002 16.5959  11 1.69374e-007 0.00923978 -0.393193
AI_survey 2002 16.5959  12 0.00096504 0.0112959 -0.398065
AI_survey 2002 16.5959  13 3.71099e-007 0.013976 -0.484823
AI_survey 2002 16.5959  14 0.00213861 0.0173271 -0.47405
AI_survey 2002 16.5959  15 0.017013 0.0212849 -0.120548
AI_survey 2002 16.5959  16 0.0104744 0.0256479 -0.390948
AI_survey 2002 16.5959  17 0.00888602 0.0300351 -0.504696
AI_survey 2002 16.5959  18 0.0213915 0.0339095 -0.281712
AI_survey 2002 16.5959  19 0.0266936 0.0367466 -0.217652
AI_survey 2002 16.5959  20 0.0379796 0.0382524 -0.00579468
AI_survey 2002 16.5959  21 0.0364248 0.0384589 -0.0430856
AI_survey 2002 16.5959  22 0.0512937 0.0376533 0.29188
AI_survey 2002 16.5959  23 0.0405177 0.0362247 0.0935862
AI_survey 2002 16.5959  24 0.0478905 0.0345311 0.298025
AI_survey 2002 16.5959  25 0.0249243 0.0328356 -0.180826
AI_survey 2002 16.5959  26 0.0392705 0.0312944 0.186593
AI_survey 2002 16.5959  27 0.0317263 0.0299725 0.0418939
AI_survey 2002 16.5959  28 0.0295922 0.0288682 0.0176116
AI_survey 2002 16.5959  29 0.0278118 0.0279371 -0.0030978
AI_survey 2002 16.5959  30 0.0408953 0.0271133 0.34563
AI_survey 2002 16.5959  31 0.0383187 0.0263276 0.305047
AI_survey 2002 16.5959  32 0.0591214 0.0255194 0.86788
AI_survey 2002 16.5959  33 0.031487 0.0246438 0.179777
AI_survey 2002 16.5959  34 0.0510489 0.0236744 0.733365
AI_survey 2002 16.5959  35 0.0302726 0.0226028 0.210171
AI_survey 2002 16.5959  36 0.0236977 0.0214374 0.0635613
AI_survey 2002 16.5959  37 0.0233886 0.0201997 0.0923186
AI_survey 2002 16.5959  38 0.0300767 0.0189197 0.333524
AI_survey 2002 16.5959  39 0.0183973 0.0176339 0.0236225
AI_survey 2002 16.5959  40 0.0152411 0.0163813 -0.0365817
AI_survey 2002 16.5959  41 0.0364832 0.015201 0.708381
AI_survey 2002 16.5959  42 0.0278475 0.0141308 0.473267
AI_survey 2002 16.5959  43 0.0184884 0.0132048 0.18849
AI_survey 2002 16.5959  44 0.0154991 0.0124513 0.111927
AI_survey 2002 16.5959  45 0.0661776 0.122967 -0.704452
AI_survey 2004 20.8706  3 0.00174944 0.00412771 -0.169258
AI_survey 2004 20.8706  4 0.0110453 0.00550628 0.341649
AI_survey 2004 20.8706  5 0.00833839 0.00754258 0.041993
AI_survey 2004 20.8706  6 0.0134411 0.00851738 0.244632
AI_survey 2004 20.8706  7 0.00669465 0.00823596 -0.0778637
AI_survey 2004 20.8706  8 0.00325917 0.00831997 -0.254379
AI_survey 2004 20.8706  9 0.00107456 0.00900228 -0.383234
AI_survey 2004 20.8706  10 0.00109572 0.0100409 -0.409684
AI_survey 2004 20.8706  11 0.00451793 0.0113368 -0.294118
AI_survey 2004 20.8706  12 0.00142399 0.0128863 -0.464115
AI_survey 2004 20.8706  13 0.00341017 0.0147362 -0.429269
AI_survey 2004 20.8706  14 0.00501182 0.0169539 -0.422475
AI_survey 2004 20.8706  15 0 0.0195806 -0.645455
AI_survey 2004 20.8706  16 0.00601812 0.0225901 -0.50939
AI_survey 2004 20.8706  17 0.0187368 0.0258746 -0.205356
AI_survey 2004 20.8706  18 0.00928922 0.0292269 -0.540654
AI_survey 2004 20.8706  19 0.0174241 0.0323266 -0.384871
AI_survey 2004 20.8706  20 0.0274237 0.0347919 -0.183663
AI_survey 2004 20.8706  21 0.0271877 0.0363097 -0.222753
AI_survey 2004 20.8706  22 0.0563451 0.036759 0.475454
AI_survey 2004 20.8706  23 0.0249317 0.0362403 -0.2764
AI_survey 2004 20.8706  24 0.0589934 0.0350078 0.596095
AI_survey 2004 20.8706  25 0.0447549 0.0333667 0.289648
AI_survey 2004 20.8706  26 0.0466831 0.031589 0.394195
AI_survey 2004 20.8706  27 0.0483215 0.0298711 0.495065
AI_survey 2004 20.8706  28 0.0558143 0.0283278 0.756738
AI_survey 2004 20.8706  29 0.0484461 0.0270031 0.604243
AI_survey 2004 20.8706  30 0.0360559 0.0258885 0.292442
AI_survey 2004 20.8706  31 0.0355068 0.0249429 0.309399
AI_survey 2004 20.8706  32 0.0349804 0.02411 0.323686
AI_survey 2004 20.8706  33 0.030565 0.0233313 0.218876
AI_survey 2004 20.8706  34 0.0478742 0.0225555 0.778829
AI_survey 2004 20.8706  35 0.0393514 0.0217444 0.551385
AI_survey 2004 20.8706  36 0.0156638 0.0208752 -0.166489
AI_survey 2004 20.8706  37 0.0299623 0.0199402 0.327438
AI_survey 2004 20.8706  38 0.0216898 0.0189456 0.0919327
AI_survey 2004 20.8706  39 0.0110935 0.01791 -0.23474
AI_survey 2004 20.8706  40 0.0109209 0.0168612 -0.210718
AI_survey 2004 20.8706  41 0.0180385 0.0158339 0.0806549
AI_survey 2004 20.8706  42 0.0179071 0.0148665 0.114744
AI_survey 2004 20.8706  43 0.00500392 0.0139978 -0.349618
AI_survey 2004 20.8706  44 0.00915974 0.0132634 -0.163815
AI_survey 2004 20.8706  45 0.0847949 0.128862 -0.600845
AI_survey 2006 19.1104  3 0.00222387 0.00386 -0.115197
AI_survey 2006 19.1104  4 0.00444351 0.00704102 -0.135708
AI_survey 2006 19.1104  5 0.00754384 0.00815633 -0.0297514
AI_survey 2006 19.1104  6 0.012382 0.010285 0.0908181
AI_survey 2006 19.1104  7 0.0212071 0.0133252 0.300387
AI_survey 2006 19.1104  8 0.026196 0.0147447 0.415194
AI_survey 2006 19.1104  9 0.00801556 0.0146016 -0.239943
AI_survey 2006 19.1104  10 0.00223656 0.0146354 -0.451201
AI_survey 2006 19.1104  11 0.00499941 0.0153007 -0.366757
AI_survey 2006 19.1104  12 1.5851e-007 0.0163501 -0.563431
AI_survey 2006 19.1104  13 5.52174e-007 0.0175677 -0.584395
AI_survey 2006 19.1104  14 4.05144e-007 0.0188722 -0.606125
AI_survey 2006 19.1104  15 0.000350643 0.0202792 -0.617916
AI_survey 2006 19.1104  16 0.00436011 0.0218475 -0.522828
AI_survey 2006 19.1104  17 0.00781306 0.0236241 -0.455009
AI_survey 2006 19.1104  18 0.00717052 0.0256064 -0.510122
AI_survey 2006 19.1104  19 0.00663438 0.0277217 -0.561404
AI_survey 2006 19.1104  20 0.0182994 0.0298113 -0.295863
AI_survey 2006 19.1104  21 0.0449188 0.0316355 0.331716
AI_survey 2006 19.1104  22 0.0288413 0.0329341 -0.100239
AI_survey 2006 19.1104  23 0.0472266 0.0335183 0.332904
AI_survey 2006 19.1104  24 0.0376257 0.0333389 0.104374
AI_survey 2006 19.1104  25 0.0475513 0.0324924 0.371233
AI_survey 2006 19.1104  26 0.0413852 0.0311698 0.256941
AI_survey 2006 19.1104  27 0.0361887 0.0295898 0.170209
AI_survey 2006 19.1104  28 0.0209359 0.0279466 -0.185914
AI_survey 2006 19.1104  29 0.0328633 0.0263813 0.176775
AI_survey 2006 19.1104  30 0.0364578 0.0249761 0.321578
AI_survey 2006 19.1104  31 0.0365596 0.0237615 0.367263
AI_survey 2006 19.1104  32 0.027859 0.0227294 0.150427
AI_survey 2006 19.1104  33 0.0352223 0.0218469 0.399897
AI_survey 2006 19.1104  34 0.0322251 0.0210693 0.339496
AI_survey 2006 19.1104  35 0.0300579 0.0203505 0.300477
AI_survey 2006 19.1104  36 0.0256707 0.0196502 0.189578
AI_survey 2006 19.1104  37 0.0660226 0.0189384 1.50966
AI_survey 2006 19.1104  38 0.0221274 0.0181971 0.128509
AI_survey 2006 19.1104  39 0.0241995 0.0174223 0.226377
AI_survey 2006 19.1104  40 0.0203172 0.0166224 0.126296
AI_survey 2006 19.1104  41 0.0247589 0.0158173 0.313193
AI_survey 2006 19.1104  42 0.0343251 0.015036 0.692676
AI_survey 2006 19.1104  43 0.0132622 0.0143125 -0.0386461
AI_survey 2006 19.1104  44 0.0200206 0.013682 0.238445
AI_survey 2006 19.1104  45 0.0795 0.132951 -0.688193
AI_survey 2010 17.0988  3 0.00192827 0.00368048 -0.119489
AI_survey 2010 17.0988  4 0.00906155 0.00482045 0.25294
AI_survey 2010 17.0988  5 0.00543471 0.00581374 -0.0205978
AI_survey 2010 17.0988  6 0.00421474 0.00807823 -0.178361
AI_survey 2010 17.0988  7 0.0184452 0.0135092 0.17674
AI_survey 2010 17.0988  8 0.0386883 0.0197776 0.561478
AI_survey 2010 17.0988  9 0.0282826 0.0248283 0.0917791
AI_survey 2010 17.0988  10 0.032095 0.0304465 0.0396697
AI_survey 2010 17.0988  11 0.0582559 0.0351757 0.517984
AI_survey 2010 17.0988  12 0.0515 0.036627 0.327359
AI_survey 2010 17.0988  13 0.0249217 0.0354005 -0.234453
AI_survey 2010 17.0988  14 0.0148216 0.0332949 -0.425724
AI_survey 2010 17.0988  15 0.00958124 0.0312571 -0.515008
AI_survey 2010 17.0988  16 0.0106317 0.029448 -0.46016
AI_survey 2010 17.0988  17 0.00452652 0.0278216 -0.585608
AI_survey 2010 17.0988  18 0.00121457 0.0263823 -0.649227
AI_survey 2010 17.0988  19 0.018376 0.0251987 -0.179975
AI_survey 2010 17.0988  20 0.00183833 0.024348 -0.603789
AI_survey 2010 17.0988  21 0.00956854 0.0238691 -0.387325
AI_survey 2010 17.0988  22 0.0227678 0.0237419 -0.0264541
AI_survey 2010 17.0988  23 0.0319874 0.0238812 0.2195
AI_survey 2010 17.0988  24 0.0105356 0.0241462 -0.366569
AI_survey 2010 17.0988  25 0.0284941 0.024371 0.110545
AI_survey 2010 17.0988  26 0.0588911 0.0244056 0.923959
AI_survey 2010 17.0988  27 0.040384 0.0241542 0.437039
AI_survey 2010 17.0988  28 0.0706328 0.023593 1.2813
AI_survey 2010 17.0988  29 0.0397002 0.0227632 0.469473
AI_survey 2010 17.0988  30 0.0420691 0.0217465 0.576029
AI_survey 2010 17.0988  31 0.0117133 0.0206384 -0.259527
AI_survey 2010 17.0988  32 0.0255872 0.0195264 0.181081
AI_survey 2010 17.0988  33 0.0310276 0.0184762 0.385302
AI_survey 2010 17.0988  34 0.0198171 0.0175281 0.072108
AI_survey 2010 17.0988  35 0.0202594 0.016698 0.114895
AI_survey 2010 17.0988  36 0.0276316 0.0159833 0.38395
AI_survey 2010 17.0988  37 0.0100521 0.0153691 -0.178671
AI_survey 2010 17.0988  38 0.00111938 0.0148339 -0.468962
AI_survey 2010 17.0988  39 0.0124859 0.0143568 -0.0650108
AI_survey 2010 17.0988  40 0.0139538 0.0139208 0.00116342
AI_survey 2010 17.0988  41 0.0195592 0.0135168 0.216298
AI_survey 2010 17.0988  42 0.00715841 0.0131442 -0.217243
AI_survey 2010 17.0988  43 0.0114502 0.0128108 -0.050011
AI_survey 2010 17.0988  44 0.00643639 0.0125304 -0.22645
AI_survey 2010 17.0988  45 0.0928997 0.128086 -0.435366
AI_survey 2012 21.1221  3 0 0.00316455 -0.258541
AI_survey 2012 21.1221  4 2.75454e-007 0.00490887 -0.322451
AI_survey 2012 21.1221  5 0.00537015 0.00643468 -0.0611402
AI_survey 2012 21.1221  6 0.0134368 0.00798445 0.281385
AI_survey 2012 21.1221  7 0.00852382 0.00987181 -0.0626319
AI_survey 2012 21.1221  8 0.0129412 0.014158 -0.0473155
AI_survey 2012 21.1221  9 0.020741 0.022163 -0.044383
AI_survey 2012 21.1221  10 0.0276643 0.0306672 -0.0800338
AI_survey 2012 21.1221  11 0.02192 0.0379942 -0.386363
AI_survey 2012 21.1221  12 0.0314972 0.0444997 -0.28977
AI_survey 2012 21.1221  13 0.0476422 0.048379 -0.0157807
AI_survey 2012 21.1221  14 0.0311158 0.0481687 -0.365983
AI_survey 2012 21.1221  15 0.0178994 0.0448811 -0.598867
AI_survey 2012 21.1221  16 0.0072182 0.0404038 -0.774481
AI_survey 2012 21.1221  17 0.0265786 0.0359605 -0.231547
AI_survey 2012 21.1221  18 0.0165574 0.0320104 -0.403399
AI_survey 2012 21.1221  19 0.00174776 0.0286508 -0.741037
AI_survey 2012 21.1221  20 0.0195248 0.0258846 -0.184035
AI_survey 2012 21.1221  21 0.0207302 0.023703 -0.0897953
AI_survey 2012 21.1221  22 0.0197928 0.0220868 -0.0717218
AI_survey 2012 21.1221  23 0.0183851 0.0209905 -0.0835085
AI_survey 2012 21.1221  24 0.0431549 0.0203323 0.743012
AI_survey 2012 21.1221  25 0.0297979 0.019996 0.321725
AI_survey 2012 21.1221  26 0.0174205 0.0198404 -0.0797331
AI_survey 2012 21.1221  27 0.034326 0.0197223 0.482582
AI_survey 2012 21.1221  28 0.0378783 0.0195228 0.609588
AI_survey 2012 21.1221  29 0.0455473 0.0191682 0.883953
AI_survey 2012 21.1221  30 0.0873833 0.0186355 2.33575
AI_survey 2012 21.1221  31 0.0560765 0.0179458 1.3197
AI_survey 2012 21.1221  32 0.0410381 0.0171485 0.845462
AI_survey 2012 21.1221  33 0.0342591 0.0163026 0.651479
AI_survey 2012 21.1221  34 0.00810507 0.0154638 -0.274006
AI_survey 2012 21.1221  35 0.00814216 0.014675 -0.249602
AI_survey 2012 21.1221  36 0.0353709 0.0139639 0.83815
AI_survey 2012 21.1221  37 0.0157061 0.0133428 0.094628
AI_survey 2012 21.1221  38 0.019173 0.0128116 0.259871
AI_survey 2012 21.1221  39 0.0131302 0.0123634 0.0318797
AI_survey 2012 21.1221  40 0.00517298 0.0119879 -0.28767
AI_survey 2012 21.1221  41 0.00963998 0.0116759 -0.0870676
AI_survey 2012 21.1221  42 0.0174185 0.011422 0.259239
AI_survey 2012 21.1221  43 0.00597718 0.0112256 -0.22885
AI_survey 2012 21.1221  44 0.00486298 0.0110901 -0.273158
AI_survey 2012 21.1221  45 0.0611318 0.118398 -0.814593
AI_survey 2014 17.0988  3 0.00698603 0.029756 -0.554047
AI_survey 2014 17.0988  4 0.011976 0.00792479 0.188815
AI_survey 2014 17.0988  5 0.0219561 0.00552595 0.915659
AI_survey 2014 17.0988  6 0.0229541 0.00779159 0.712628
AI_survey 2014 17.0988  7 0.0269461 0.0101918 0.689442
AI_survey 2014 17.0988  8 0.0269461 0.0125956 0.531891
AI_survey 2014 17.0988  9 0.0239521 0.0159297 0.264873
AI_survey 2014 17.0988  10 0.0199601 0.0226219 -0.0740067
AI_survey 2014 17.0988  11 0.0728543 0.0326367 0.935806
AI_survey 2014 17.0988  12 0.0758483 0.042485 0.683931
AI_survey 2014 17.0988  13 0.0958084 0.0503009 0.860882
AI_survey 2014 17.0988  14 0.0499002 0.0554094 -0.0995683
AI_survey 2014 17.0988  15 0.0768463 0.0566153 0.361953
AI_survey 2014 17.0988  16 0.0858283 0.0537289 0.588613
AI_survey 2014 17.0988  17 0.0499002 0.0481658 0.0334911
AI_survey 2014 17.0988  18 0.0149701 0.0417294 -0.553278
AI_survey 2014 17.0988  19 0.0229541 0.0356306 -0.282742
AI_survey 2014 17.0988  20 0.00499002 0.0303893 -0.611752
AI_survey 2014 17.0988  21 0.00399202 0.0261135 -0.573494
AI_survey 2014 17.0988  22 0.00698603 0.0227442 -0.436975
AI_survey 2014 17.0988  23 0.00499002 0.0201762 -0.446511
AI_survey 2014 17.0988  24 0.00598802 0.0182955 -0.37964
AI_survey 2014 17.0988  25 0.00898204 0.0169861 -0.25606
AI_survey 2014 17.0988  26 0.0159681 0.0161261 -0.00518491
AI_survey 2014 17.0988  27 0.00798403 0.0155868 -0.253716
AI_survey 2014 17.0988  28 0.0189621 0.0152399 0.1256
AI_survey 2014 17.0988  29 0.00698603 0.0149697 -0.271775
AI_survey 2014 17.0988  30 0.0179641 0.0146856 0.112663
AI_survey 2014 17.0988  31 0.0129741 0.0143317 -0.0472194
AI_survey 2014 17.0988  32 0.0149701 0.0138881 0.0382162
AI_survey 2014 17.0988  33 0.0139721 0.0133627 0.0219359
AI_survey 2014 17.0988  34 0.0179641 0.0127828 0.190649
AI_survey 2014 17.0988  35 0.0129741 0.0121825 0.0298231
AI_survey 2014 17.0988  36 0.00898204 0.0115961 -0.100922
AI_survey 2014 17.0988  37 0.00499002 0.0110506 -0.239621
AI_survey 2014 17.0988  38 0.010978 0.0105644 0.0167212
AI_survey 2014 17.0988  39 0.00598802 0.0101481 -0.171553
AI_survey 2014 17.0988  40 0.00898204 0.00980547 -0.0345381
AI_survey 2014 17.0988  41 0.00998004 0.00953694 0.0188423
AI_survey 2014 17.0988  42 0.00998004 0.00934137 0.0274384
AI_survey 2014 17.0988  43 0.00598802 0.00921827 -0.139692
AI_survey 2014 17.0988  44 0.00499002 0.00916752 -0.18115
AI_survey 2014 17.0988  45 0.0459082 0.102671 -0.773267
AI_survey 2016 21.8764  3 0.002997 0.00212117 0.0888311
AI_survey 2016 21.8764  4 0.00699301 0.0103253 -0.154107
AI_survey 2016 21.8764  5 0.014985 0.0338869 -0.488541
AI_survey 2016 21.8764  6 0.024975 0.0171132 0.283446
AI_survey 2016 21.8764  7 0.00899101 0.0104186 -0.0657297
AI_survey 2016 21.8764  8 0.037962 0.012364 1.08304
AI_survey 2016 21.8764  9 0.026973 0.015664 0.425847
AI_survey 2016 21.8764  10 0.010989 0.0191598 -0.278707
AI_survey 2016 21.8764  11 0.0649351 0.0242246 1.23823
AI_survey 2016 21.8764  12 0.044955 0.0327112 0.321897
AI_survey 2016 21.8764  13 0.130869 0.043285 2.01282
AI_survey 2016 21.8764  14 0.0769231 0.0526173 0.509133
AI_survey 2016 21.8764  15 0.0809191 0.0587944 0.439866
AI_survey 2016 21.8764  16 0.108891 0.0610838 0.933627
AI_survey 2016 21.8764  17 0.0919081 0.0592804 0.646183
AI_survey 2016 21.8764  18 0.038961 0.0541232 -0.313403
AI_survey 2016 21.8764  19 0.00699301 0.0471303 -0.885779
AI_survey 2016 21.8764  20 0.031968 0.0398089 -0.187556
AI_survey 2016 21.8764  21 0.011988 0.033135 -0.552519
AI_survey 2016 21.8764  22 0.010989 0.0275266 -0.472681
AI_survey 2016 21.8764  23 0.001998 0.023044 -0.655917
AI_survey 2016 21.8764  24 0.002997 0.019582 -0.559707
AI_survey 2016 21.8764  25 0.017982 0.0169855 0.036062
AI_survey 2016 21.8764  26 0.010989 0.0150964 -0.157498
AI_survey 2016 21.8764  27 0.012987 0.0137675 -0.0313173
AI_survey 2016 21.8764  28 0.013986 0.0128632 0.0465865
AI_survey 2016 21.8764  29 0.00699301 0.0122585 -0.223724
AI_survey 2016 21.8764  30 0.00699301 0.0118406 -0.209523
AI_survey 2016 21.8764  31 0.000999001 0.0115156 -0.460838
AI_survey 2016 21.8764  32 0.004995 0.0112137 -0.276103
AI_survey 2016 21.8764  33 0.014985 0.0108913 0.184395
AI_survey 2016 21.8764  34 0.00599401 0.0105301 -0.207754
AI_survey 2016 21.8764  35 0.010989 0.0101313 0.0400379
AI_survey 2016 21.8764  36 0 0.00971001 -0.462909
AI_survey 2016 21.8764  37 0 0.00928686 -0.452603
AI_survey 2016 21.8764  38 0.00599401 0.0088829 -0.143926
AI_survey 2016 21.8764  39 0.011988 0.00851743 0.176539
AI_survey 2016 21.8764  40 0.00599401 0.00820489 -0.114563
AI_survey 2016 21.8764  41 0 0.00795643 -0.418612
AI_survey 2016 21.8764  42 0.002997 0.00777935 -0.254435
AI_survey 2016 21.8764  43 0.000999001 0.00767901 -0.357689
AI_survey 2016 21.8764  44 0 0.00765809 -0.410617
AI_survey 2016 21.8764  45 0.023976 0.0898318 -1.07717
AI_survey 2018 22.3793  3 0.002997 0.00262619 0.0342105
AI_survey 2018 22.3793  4 0.002997 0.00324835 -0.0208643
AI_survey 2018 22.3793  5 0.001998 0.00413076 -0.157118
AI_survey 2018 22.3793  6 0.016983 0.0225376 -0.177002
AI_survey 2018 22.3793  7 0.028971 0.0416913 -0.30102
AI_survey 2018 22.3793  8 0.0719281 0.0284228 1.23828
AI_survey 2018 22.3793  9 0.034965 0.0192263 0.542063
AI_survey 2018 22.3793  10 0.017982 0.0195826 -0.0546332
AI_survey 2018 22.3793  11 0.030969 0.0230337 0.250193
AI_survey 2018 22.3793  12 0.045954 0.0272882 0.541892
AI_survey 2018 22.3793  13 0.035964 0.0332552 0.0714601
AI_survey 2018 22.3793  14 0.0709291 0.0415913 0.695062
AI_survey 2018 22.3793  15 0.112887 0.0504512 1.34934
AI_survey 2018 22.3793  16 0.0909091 0.0572059 0.686484
AI_survey 2018 22.3793  17 0.0739261 0.0604218 0.268099
AI_survey 2018 22.3793  18 0.0939061 0.0598201 0.679886
AI_survey 2018 22.3793  19 0.0579421 0.0558747 0.0425785
AI_survey 2018 22.3793  20 0.0679321 0.0496464 0.398204
AI_survey 2018 22.3793  21 0.030969 0.0424344 -0.269041
AI_survey 2018 22.3793  22 0.016983 0.0353385 -0.470239
AI_survey 2018 22.3793  23 0.00899101 0.0290342 -0.564626
AI_survey 2018 22.3793  24 0.00599401 0.0237958 -0.55243
AI_survey 2018 22.3793  25 0.001998 0.0196364 -0.601243
AI_survey 2018 22.3793  26 0 0.0164407 -0.61144
AI_survey 2018 22.3793  27 0 0.0140509 -0.564541
AI_survey 2018 22.3793  28 0.00999001 0.0123087 -0.0994426
AI_survey 2018 22.3793  29 0 0.0110703 -0.500295
AI_survey 2018 22.3793  30 0 0.010208 -0.480188
AI_survey 2018 22.3793  31 0.004995 0.00961095 -0.223704
AI_survey 2018 22.3793  32 0 0.00918578 -0.455251
AI_survey 2018 22.3793  33 0.010989 0.00885728 0.107571
AI_survey 2018 22.3793  34 0.000999001 0.00857112 -0.388365
AI_survey 2018 22.3793  35 0.001998 0.0082929 -0.328177
AI_survey 2018 22.3793  36 0.000999001 0.00800698 -0.371757
AI_survey 2018 22.3793  37 0.00699301 0.00771173 -0.0388431
AI_survey 2018 22.3793  38 0.003996 0.00741473 -0.188393
AI_survey 2018 22.3793  39 0.00799201 0.0071298 0.048445
AI_survey 2018 22.3793  40 0 0.00687202 -0.393232
AI_survey 2018 22.3793  41 0.001998 0.00665709 -0.270837
AI_survey 2018 22.3793  42 0.000999001 0.0064985 -0.323537
AI_survey 2018 22.3793  43 0.001998 0.00640791 -0.261249
AI_survey 2018 22.3793  44 0.001998 0.00639331 -0.260679
AI_survey 2018 22.3793  45 0.018981 0.0780175 -1.04126
AI_survey 2022 30.1744  3 0 0.00122219 -0.191376
AI_survey 2022 30.1744  4 0 0.00144711 -0.208397
AI_survey 2022 30.1744  5 0 0.00236295 -0.266775
AI_survey 2022 30.1744  6 0.001998 0.00429799 -0.192906
AI_survey 2022 30.1744  7 0.004995 0.00655192 -0.105925
AI_survey 2022 30.1744  8 0.00599401 0.00897549 -0.173556
AI_survey 2022 30.1744  9 0.024975 0.0232849 0.0615489
AI_survey 2022 30.1744  10 0.03996 0.0553801 -0.370308
AI_survey 2022 30.1744  11 0.043956 0.0704457 -0.568594
AI_survey 2022 30.1744  12 0.0729271 0.0610126 0.273414
AI_survey 2022 30.1744  13 0.0729271 0.0481452 0.635839
AI_survey 2022 30.1744  14 0.047952 0.0414917 0.17793
AI_survey 2022 30.1744  15 0.0509491 0.0397172 0.315884
AI_survey 2022 30.1744  16 0.040959 0.0404151 0.0151698
AI_survey 2022 30.1744  17 0.04995 0.0425533 0.201275
AI_survey 2022 30.1744  18 0.0589411 0.0453007 0.360258
AI_survey 2022 30.1744  19 0.048951 0.0475031 0.0373896
AI_survey 2022 30.1744  20 0.0739261 0.0481678 0.660745
AI_survey 2022 30.1744  21 0.0599401 0.0468636 0.339836
AI_survey 2022 30.1744  22 0.0589411 0.0437163 0.408986
AI_survey 2022 30.1744  23 0.037962 0.0392203 -0.0356018
AI_survey 2022 30.1744  24 0.0599401 0.0340229 0.785194
AI_survey 2022 30.1744  25 0.043956 0.0287352 0.500391
AI_survey 2022 30.1744  26 0.031968 0.0238119 0.2938
AI_survey 2022 30.1744  27 0.014985 0.0195144 -0.179824
AI_survey 2022 30.1744  28 0.00999001 0.0159403 -0.260893
AI_survey 2022 30.1744  29 0.003996 0.0130758 -0.438889
AI_survey 2022 30.1744  30 0.002997 0.0108457 -0.416062
AI_survey 2022 30.1744  31 0.001998 0.00915125 -0.412423
AI_survey 2022 30.1744  32 0.004995 0.00789088 -0.179673
AI_survey 2022 30.1744  33 0.00599401 0.00696985 -0.064387
AI_survey 2022 30.1744  34 0.000999001 0.00630524 -0.367948
AI_survey 2022 30.1744  35 0 0.00582643 -0.420164
AI_survey 2022 30.1744  36 0 0.00547653 -0.407259
AI_survey 2022 30.1744  37 0.002997 0.00521165 -0.168794
AI_survey 2022 30.1744  38 0.001998 0.00500027 -0.233576
AI_survey 2022 30.1744  39 0.000999001 0.00482352 -0.302912
AI_survey 2022 30.1744  40 0 0.00467248 -0.375965
AI_survey 2022 30.1744  41 0.002997 0.00454719 -0.126429
AI_survey 2022 30.1744  42 0.001998 0.00445367 -0.202355
AI_survey 2022 30.1744  43 0 0.00440176 -0.364838
AI_survey 2022 30.1744  44 0.000999001 0.00440188 -0.282042
AI_survey 2022 30.1744  45 0.00999001 0.0568462 -1.1115
fishery 2004 3.81434  3 0 0.000475156 -0.0421416
fishery 2004 3.81434  4 0 0.000836172 -0.0561643
fishery 2004 3.81434  5 0 0.0015118 -0.0757454
fishery 2004 3.81434  6 0 0.00219391 -0.0913716
fishery 2004 3.81434  7 0 0.00278395 -0.103008
fishery 2004 3.81434  8 0 0.00379269 -0.120348
fishery 2004 3.81434  9 0.00258234 0.00547524 -0.0764961
fishery 2004 3.81434  10 0 0.00793587 -0.174569
fishery 2004 3.81434  11 0.00106821 0.0111942 -0.18789
fishery 2004 3.81434  12 0 0.0150791 -0.241577
fishery 2004 3.81434  13 0 0.0192528 -0.27357
fishery 2004 3.81434  14 0 0.0233603 -0.301989
fishery 2004 3.81434  15 0 0.0271594 -0.326266
fishery 2004 3.81434  16 0.0118226 0.0305496 -0.212493
fishery 2004 3.81434  17 0 0.0335213 -0.363674
fishery 2004 3.81434  18 0.0126022 0.0360571 -0.245678
fishery 2004 3.81434  19 0.0108098 0.0380454 -0.278012
fishery 2004 3.81434  20 0.0214212 0.0392884 -0.179591
fishery 2004 3.81434  21 0.0377729 0.0396136 -0.0184287
fishery 2004 3.81434  22 0.0341823 0.0389931 -0.0485312
fishery 2004 3.81434  23 0.0717778 0.037576 0.351209
fishery 2004 3.81434  24 0.0652171 0.0356284 0.311714
fishery 2004 3.81434  25 0.0436739 0.0334432 0.111118
fishery 2004 3.81434  26 0.0522565 0.0312662 0.235517
fishery 2004 3.81434  27 0.0500728 0.0292637 0.241088
fishery 2004 3.81434  28 0.0618356 0.0275224 0.409554
fishery 2004 3.81434  29 0.0552072 0.0260627 0.357199
fishery 2004 3.81434  30 0.0690887 0.0248584 0.554721
fishery 2004 3.81434  31 0.0118891 0.0238559 -0.153125
fishery 2004 3.81434  32 0.0267773 0.0229906 0.0493341
fishery 2004 3.81434  33 0.0221968 0.0221986 -2.43488e-005
fishery 2004 3.81434  34 0.0169006 0.0214253 -0.0610151
fishery 2004 3.81434  35 0.0502509 0.0206299 0.406898
fishery 2004 3.81434  36 0.0101832 0.0197875 -0.134652
fishery 2004 3.81434  37 0.0369172 0.0188888 0.25858
fishery 2004 3.81434  38 0.00413672 0.0179378 -0.203025
fishery 2004 3.81434  39 0 0.016951 -0.256386
fishery 2004 3.81434  40 0.00629465 0.0159539 -0.150515
fishery 2004 3.81434  41 0.0237503 0.0149787 0.14099
fishery 2004 3.81434  42 0.0495828 0.0140611 0.589001
fishery 2004 3.81434  43 0.0162524 0.0132378 0.051495
fishery 2004 3.81434  44 0.019577 0.012542 0.123414
fishery 2004 3.81434  45 0.1039 0.121821 -0.107004
fishery 2005 2.7548  3 0 0.00061429 -0.0408189
fishery 2005 2.7548  4 0 0.000901172 -0.0495736
fishery 2005 2.7548  5 0 0.00154381 -0.0650546
fishery 2005 2.7548  6 0 0.00270678 -0.0863102
fishery 2005 2.7548  7 0.000173651 0.00387687 -0.0987804
fishery 2005 2.7548  8 0.000115768 0.00498024 -0.114579
fishery 2005 2.7548  9 0 0.00670398 -0.136255
fishery 2005 2.7548  10 1.24891e-006 0.00934153 -0.161066
fishery 2005 2.7548  11 0.000144709 0.0128091 -0.186854
fishery 2005 2.7548  12 0.00541213 0.0167832 -0.146878
fishery 2005 2.7548  13 9.01571e-007 0.0207858 -0.241752
fishery 2005 2.7548  14 0 0.0244002 -0.262434
fishery 2005 2.7548  15 0.0092199 0.0274417 -0.185096
fishery 2005 2.7548  16 0.00270562 0.0299486 -0.265243
fishery 2005 2.7548  17 0.00674698 0.0320646 -0.238488
fishery 2005 2.7548  18 0.00558982 0.033918 -0.259705
fishery 2005 2.7548  19 0.0177079 0.0355333 -0.159796
fishery 2005 2.7548  20 0.0475105 0.0367975 0.0944347
fishery 2005 2.7548  21 0.0251868 0.0375113 -0.107642
fishery 2005 2.7548  22 0.0508719 0.0375062 0.116743
fishery 2005 2.7548  23 0.0506716 0.0367444 0.122853
fishery 2005 2.7548  24 0.029026 0.0353386 -0.0567395
fishery 2005 2.7548  25 0.158801 0.0335035 1.15552
fishery 2005 2.7548  26 0.0556367 0.0314786 0.229603
fishery 2005 2.7548  27 0.0699268 0.0294687 0.397004
fishery 2005 2.7548  28 0.0282553 0.0276157 0.00647718
fishery 2005 2.7548  29 0.0157476 0.025995 -0.106869
fishery 2005 2.7548  30 0.0515345 0.0246253 0.288127
fishery 2005 2.7548  31 0.0135525 0.0234847 -0.108835
fishery 2005 2.7548  32 0.0115251 0.0225274 -0.123034
fishery 2005 2.7548  33 0.026611 0.0216969 0.0559709
fishery 2005 2.7548  34 0.0231715 0.020937 0.0258976
fishery 2005 2.7548  35 0 0.0201994 -0.238254
fishery 2005 2.7548  36 1.27017e-006 0.0194484 -0.233676
fishery 2005 2.7548  37 0.0222895 0.0186621 0.0444772
fishery 2005 2.7548  38 0.0157476 0.0178322 -0.0261374
fishery 2005 2.7548  39 0.0157476 0.0169647 -0.0156385
fishery 2005 2.7548  40 0.0092199 0.0160764 -0.0904568
fishery 2005 2.7548  41 0.0176711 0.0151937 0.0336051
fishery 2005 2.7548  42 0.0550387 0.0143492 0.56768
fishery 2005 2.7548  43 1.35511e-006 0.0135787 -0.194644
fishery 2005 2.7548  44 0.00500731 0.0129166 -0.116216
fishery 2005 2.7548  45 0.153429 0.125195 0.141597
fishery 2007 3.51767  3 0 0.000366306 -0.0354228
fishery 2007 3.51767  4 0.00252591 0.000878962 0.103648
fishery 2007 3.51767  5 0 0.00188694 -0.0813338
fishery 2007 3.51767  6 0 0.00297066 -0.102205
fishery 2007 3.51767  7 0.0038026 0.00509859 -0.0340952
fishery 2007 3.51767  8 0 0.00838577 -0.172374
fishery 2007 3.51767  9 0.0126982 0.0115781 0.0196304
fishery 2007 3.51767  10 0.00317317 0.0145882 -0.178504
fishery 2007 3.51767  11 0 0.018193 -0.255241
fishery 2007 3.51767  12 0.0113888 0.0222844 -0.138413
fishery 2007 3.51767  13 0.00748995 0.0261003 -0.218888
fishery 2007 3.51767  14 0 0.0289669 -0.323884
fishery 2007 3.51767  15 0 0.0306589 -0.333502
fishery 2007 3.51767  16 0 0.0313799 -0.337528
fishery 2007 3.51767  17 0.0102095 0.031543 -0.228892
fishery 2007 3.51767  18 0 0.0315457 -0.338448
fishery 2007 3.51767  19 0.0060667 0.0316485 -0.274031
fishery 2007 3.51767  20 0.00778365 0.0319416 -0.257628
fishery 2007 3.51767  21 0.0122053 0.0323572 -0.213568
fishery 2007 3.51767  22 0 0.032714 -0.344868
fishery 2007 3.51767  23 0.038923 0.0327965 0.0645057
fishery 2007 3.51767  24 0.0266989 0.0324433 -0.0608007
fishery 2007 3.51767  25 0.10199 0.0316046 0.754464
fishery 2007 3.51767  26 0.0246689 0.0303441 -0.0620429
fishery 2007 3.51767  27 0.0630828 0.0287989 0.384417
fishery 2007 3.51767  28 0.0790778 0.0271292 0.599623
fishery 2007 3.51767  29 0.0540561 0.0254771 0.340111
fishery 2007 3.51767  30 0.0464818 0.0239444 0.276442
fishery 2007 3.51767  31 0.0539423 0.0225877 0.395694
fishery 2007 3.51767  32 0.0329964 0.021424 0.149867
fishery 2007 3.51767  33 0.0102095 0.0204395 -0.135564
fishery 2007 3.51767  34 0.0335816 0.0196019 0.18909
fishery 2007 3.51767  35 0.0559148 0.0188699 0.5105
fishery 2007 3.51767  36 0.0075475 0.0182025 -0.149448
fishery 2007 3.51767  37 0.00687419 0.0175642 -0.152588
fishery 2007 3.51767  38 0.0315879 0.0169283 0.213071
fishery 2007 3.51767  39 0.0161305 0.0162806 -0.0022238
fishery 2007 3.51767  40 0.00728577 0.0156188 -0.126006
fishery 2007 3.51767  41 0.00821856 0.014953 -0.104038
fishery 2007 3.51767  42 0.0172881 0.014303 0.0471352
fishery 2007 3.51767  43 0.0178699 0.0136964 0.0673235
fishery 2007 3.51767  44 0.0153297 0.0131631 0.0356407
fishery 2007 3.51767  45 0.172901 0.128742 0.247284
fishery 2008 3.13624  3 0 0.000366123 -0.0334386
fishery 2008 3.13624  4 0 0.00068443 -0.0460119
fishery 2008 3.13624  5 0 0.00161464 -0.0709994
fishery 2008 3.13624  6 0.00674191 0.00326795 0.107632
fishery 2008 3.13624  7 0 0.00529478 -0.129084
fishery 2008 3.13624  8 0.00395625 0.00898987 -0.0943909
fishery 2008 3.13624  9 0.0515825 0.0141674 0.560473
fishery 2008 3.13624  10 0.0144434 0.0189338 -0.0583314
fishery 2008 3.13624  11 0.00762918 0.0229467 -0.181127
fishery 2008 3.13624  12 0.139562 0.0267906 1.23661
fishery 2008 3.13624  13 0.0211171 0.0302194 -0.0941476
fishery 2008 3.13624  14 0.0274052 0.0325779 -0.0515932
fishery 2008 3.13624  15 0.0222363 0.0335674 -0.111396
fishery 2008 3.13624  16 0 0.0333908 -0.329101
fishery 2008 3.13624  17 0.00388178 0.0325314 -0.285949
fishery 2008 3.13624  18 0.00674191 0.0314879 -0.25091
fishery 2008 3.13624  19 0 0.0306189 -0.31469
fishery 2008 3.13624  20 0.00556024 0.0300984 -0.254297
fishery 2008 3.13624  21 0.0319091 0.0299326 0.0205384
fishery 2008 3.13624  22 0.0256785 0.0299966 -0.044823
fishery 2008 3.13624  23 0.0563596 0.0300871 0.272319
fishery 2008 3.13624  24 0 0.0299921 -0.311351
fishery 2008 3.13624  25 0.0186369 0.0295619 -0.11421
fishery 2008 3.13624  26 0.0598958 0.0287464 0.330082
fishery 2008 3.13624  27 0.0217774 0.0275922 -0.0628563
fishery 2008 3.13624  28 0.0210966 0.0262083 -0.0566545
fishery 2008 3.13624  29 0.0403326 0.0247246 0.177967
fishery 2008 3.13624  30 0.0267316 0.0232575 0.0408118
fishery 2008 3.13624  31 0.0283586 0.0218922 0.0782405
fishery 2008 3.13624  32 0.0417588 0.0206779 0.262287
fishery 2008 3.13624  33 0.0811227 0.0196295 0.784827
fishery 2008 3.13624  34 0.0206927 0.0187371 0.0255341
fishery 2008 3.13624  35 0.0159094 0.0179742 -0.0275164
fishery 2008 3.13624  36 1.78219e-006 0.0173071 -0.234931
fishery 2008 3.13624  37 0.00891624 0.0167016 -0.107555
fishery 2008 3.13624  38 0.0281761 0.0161278 0.169332
fishery 2008 3.13624  39 0.0165947 0.0155654 0.0147206
fishery 2008 3.13624  40 0.0187236 0.0150042 0.0541632
fishery 2008 3.13624  41 0.0123659 0.0144459 -0.0308609
fishery 2008 3.13624  42 0.0198458 0.0139027 0.0898568
fishery 2008 3.13624  43 0.0233316 0.0133954 0.15301
fishery 2008 3.13624  44 0 0.0129488 -0.202761
fishery 2008 3.13624  45 0.0709257 0.128043 -0.302712
fishery 2009 3.81434  3 0 0.000411309 -0.0391444
fishery 2009 3.81434  4 0 0.000663081 -0.0499332
fishery 2009 3.81434  5 0 0.00123853 -0.0684997
fishery 2009 3.81434  6 0 0.00289208 -0.105002
fishery 2009 3.81434  7 0 0.00561904 -0.146683
fishery 2009 3.81434  8 0.0186682 0.00923368 0.192542
fishery 2009 3.81434  9 0.0560747 0.015269 0.64972
fishery 2009 3.81434  10 0.178831 0.0228235 2.03979
fishery 2009 3.81434  11 0.173888 0.0290808 1.6828
fishery 2009 3.81434  12 0.0547113 0.0333009 0.233022
fishery 2009 3.81434  13 0.00966684 0.0360586 -0.276433
fishery 2009 3.81434  14 0 0.0374771 -0.385329
fishery 2009 3.81434  15 0.0221947 0.0374719 -0.157087
fishery 2009 3.81434  16 0 0.0362523 -0.378737
fishery 2009 3.81434  17 0.00543713 0.0343065 -0.309727
fishery 2009 3.81434  18 0.00386611 0.0321735 -0.313254
fishery 2009 3.81434  19 0.0176998 0.03027 -0.143269
fishery 2009 3.81434  20 0.00960382 0.0288294 -0.224363
fishery 2009 3.81434  21 0.00991859 0.0279142 -0.213322
fishery 2009 3.81434  22 0.0167255 0.0274529 -0.128197
fishery 2009 3.81434  23 0.0288376 0.0272812 0.0186568
fishery 2009 3.81434  24 0.0236189 0.0271883 -0.0428573
fishery 2009 3.81434  25 0.0419442 0.0269764 0.180399
fishery 2009 3.81434  26 0.0203477 0.0265103 -0.0749062
fishery 2009 3.81434  27 0.0552825 0.0257425 0.364231
fishery 2009 3.81434  28 0.0287424 0.0247064 0.0507684
fishery 2009 3.81434  29 0.0313789 0.0234881 0.101738
fishery 2009 3.81434  30 0.0335979 0.0221906 0.151211
fishery 2009 3.81434  31 0.0385178 0.0209088 0.240306
fishery 2009 3.81434  32 0.0328268 0.0197135 0.184185
fishery 2009 3.81434  33 0.00543713 0.0186456 -0.190654
fishery 2009 3.81434  34 0.0127585 0.017719 -0.0734145
fishery 2009 3.81434  35 0.00728983 0.0169265 -0.145859
fishery 2009 3.81434  36 0.0058225 0.0162474 -0.160996
fishery 2009 3.81434  37 1.29008e-006 0.0156546 -0.246199
fishery 2009 3.81434  38 0.00921816 0.0151204 -0.0944299
fishery 2009 3.81434  39 0.0058225 0.0146219 -0.143124
fishery 2009 3.81434  40 0.0054341 0.0141442 -0.144007
fishery 2009 3.81434  41 0.00288871 0.0136821 -0.181396
fishery 2009 3.81434  42 0 0.0132406 -0.22615
fishery 2009 3.81434  43 5.35237e-006 0.0128333 -0.222503
fishery 2009 3.81434  44 0 0.0124792 -0.219461
fishery 2009 3.81434  45 0.0329414 0.125241 -0.544598
fishery 2011 3.60244  3 0 0.000418526 -0.0383818
fishery 2011 3.60244  4 0 0.000731563 -0.0510078
fishery 2011 3.60244  5 0 0.00121091 -0.0658163
fishery 2011 3.60244  6 0.00549495 0.00198093 0.149626
fishery 2011 3.60244  7 0.00549495 0.00392816 0.047481
fishery 2011 3.60244  8 0.0156632 0.00858977 0.145398
fishery 2011 3.60244  9 0.0213586 0.0155057 0.089884
fishery 2011 3.60244  10 0.0154195 0.0246788 -0.113254
fishery 2011 3.60244  11 0.0312228 0.0365547 -0.0539186
fishery 2011 3.60244  12 0.0279297 0.0474507 -0.174257
fishery 2011 3.60244  13 0.0763407 0.0531535 0.196156
fishery 2011 3.60244  14 0.0313258 0.0534133 -0.186424
fishery 2011 3.60244  15 0.00904183 0.0503125 -0.358319
fishery 2011 3.60244  16 0.00736903 0.0457169 -0.348431
fishery 2011 3.60244  17 0 0.0407232 -0.391017
fishery 2011 3.60244  18 0 0.0359425 -0.366431
fishery 2011 3.60244  19 0.0274951 0.0317295 -0.0458445
fishery 2011 3.60244  20 0.0225914 0.0282715 -0.0650319
fishery 2011 3.60244  21 0 0.0256258 -0.307745
fishery 2011 3.60244  22 0 0.0237511 -0.295985
fishery 2011 3.60244  23 0.038513 0.0225352 0.204286
fishery 2011 3.60244  24 0.0377999 0.0218165 0.20762
fishery 2011 3.60244  25 0.0375896 0.0214072 0.212158
fishery 2011 3.60244  26 0.0272623 0.0211198 0.0810655
fishery 2011 3.60244  27 0.0365757 0.0207975 0.209802
fishery 2011 3.60244  28 0.046535 0.020339 0.352147
fishery 2011 3.60244  29 0.035282 0.0197063 0.212646
fishery 2011 3.60244  30 0.0277861 0.0189147 0.123573
fishery 2011 3.60244  31 0.0389616 0.0180144 0.298843
fishery 2011 3.60244  32 0.0141646 0.0170694 -0.0425527
fishery 2011 3.60244  33 0.0176451 0.0161391 0.022677
fishery 2011 3.60244  34 0.0567914 0.0152698 0.642476
fishery 2011 3.60244  35 0.0216035 0.0144891 0.112963
fishery 2011 3.60244  36 0.0120815 0.0138083 -0.0280761
fishery 2011 3.60244  37 0.0291426 0.0132251 0.264364
fishery 2011 3.60244  38 0.0307418 0.0127277 0.304894
fishery 2011 3.60244  39 0.00545154 0.0123014 -0.1179
fishery 2011 3.60244  40 0.0331644 0.0119316 0.371007
fishery 2011 3.60244  41 0.0320146 0.0116081 0.36144
fishery 2011 3.60244  42 0.0167332 0.0113267 0.0969281
fishery 2011 3.60244  43 0.0132734 0.0110895 0.0395652
fishery 2011 3.60244  44 0.00672058 0.0109036 -0.076416
fishery 2011 3.60244  45 0.087419 0.11377 -0.157507
fishery 2013 6.78106  3 0 0.000276763 -0.0425655
fishery 2013 6.78106  4 0 0.000603285 -0.0634561
fishery 2013 6.78106  5 0.00225469 0.0011837 0.080769
fishery 2013 6.78106  6 0.00294676 0.00205016 0.0514925
fishery 2013 6.78106  7 0.00112734 0.00337021 -0.100627
fishery 2013 6.78106  8 0.0041858 0.00576257 -0.0541988
fishery 2013 6.78106  9 2.31179e-007 0.0114525 -0.280159
fishery 2013 6.78106  10 0.0300469 0.0220664 0.141437
fishery 2013 6.78106  11 0.0412483 0.0355181 0.0806089
fishery 2013 6.78106  12 0.0621072 0.0498042 0.147257
fishery 2013 6.78106  13 0.100823 0.062479 0.41253
fishery 2013 6.78106  14 0.191005 0.0693632 1.24666
fishery 2013 6.78106  15 0.0915081 0.0686011 0.235969
fishery 2013 6.78106  16 0.0685939 0.0622193 0.068716
fishery 2013 6.78106  17 0.0303242 0.0535221 -0.268372
fishery 2013 6.78106  18 0.00530432 0.0448708 -0.497642
fishery 2013 6.78106  19 0.0150658 0.0373465 -0.305958
fishery 2013 6.78106  20 0.00373237 0.0312336 -0.411635
fishery 2013 6.78106  21 0.0349589 0.0264708 0.137665
fishery 2013 6.78106  22 0.0225484 0.022887 -0.00589355
fishery 2013 6.78106  23 0.0262147 0.0202902 0.109396
fishery 2013 6.78106  24 0.0183001 0.0184917 -0.00370193
fishery 2013 6.78106  25 0.0346031 0.0173093 0.345199
fishery 2013 6.78106  26 0.0321044 0.0165663 0.31691
fishery 2013 6.78106  27 0.0106098 0.0160947 -0.113467
fishery 2013 6.78106  28 0.0299766 0.015747 0.297546
fishery 2013 6.78106  29 0.00944049 0.0154089 -0.126141
fishery 2013 6.78106  30 0.00897572 0.0150079 -0.129152
fishery 2013 6.78106  31 0.00737611 0.0145147 -0.155376
fishery 2013 6.78106  32 0.0139722 0.0139352 0.000821499
fishery 2013 6.78106  33 0.0112606 0.0132972 -0.0462839
fishery 2013 6.78106  34 0.0175538 0.0126383 0.114541
fishery 2013 6.78106  35 0.00980144 0.0119944 -0.0524354
fishery 2013 6.78106  36 0.00298415 0.0113947 -0.206264
fishery 2013 6.78106  37 0.00127851 0.0108583 -0.240601
fishery 2013 6.78106  38 0.0069363 0.0103935 -0.0887269
fishery 2013 6.78106  39 0 0.0100021 -0.261614
fishery 2013 6.78106  40 0.00658258 0.0096803 -0.0823447
fishery 2013 6.78106  41 0.00484917 0.00942354 -0.123226
fishery 2013 6.78106  42 0.00217091 0.00922769 -0.192083
fishery 2013 6.78106  43 0.00537191 0.00909125 -0.101988
fishery 2013 6.78106  44 7.45851e-007 0.00901472 -0.248209
fishery 2013 6.78106  45 0.031855 0.0985367 -0.58259
fishery 2015 5.34008  3 0 0.000679749 -0.0598311
fishery 2015 5.34008  4 0 0.00427541 -0.151247
fishery 2015 5.34008  5 0 0.00192422 -0.101204
fishery 2015 5.34008  6 0 0.00183576 -0.0988332
fishery 2015 5.34008  7 7.42145e-007 0.00329896 -0.132717
fishery 2015 5.34008  8 0 0.00563477 -0.173803
fishery 2015 5.34008  9 0.0102453 0.00913183 0.027034
fishery 2015 5.34008  10 0.00796838 0.0154036 -0.139473
fishery 2015 5.34008  11 0.00794654 0.0272635 -0.274061
fishery 2015 5.34008  12 0.0584908 0.0437603 0.166387
fishery 2015 5.34008  13 0.0826841 0.0597846 0.22318
fishery 2015 5.34008  14 0.127234 0.0715591 0.499109
fishery 2015 5.34008  15 0.063443 0.0771962 -0.119069
fishery 2015 5.34008  16 0.140458 0.0759274 0.562941
fishery 2015 5.34008  17 0.125322 0.0689382 0.514258
fishery 2015 5.34008  18 0.0876046 0.058921 0.281466
fishery 2015 5.34008  19 0.0441704 0.0484799 -0.0463621
fishery 2015 5.34008  20 0.0281566 0.0391864 -0.131341
fishery 2015 5.34008  21 0.0184065 0.0316136 -0.174404
fishery 2015 5.34008  22 0.00858945 0.0257507 -0.250329
fishery 2015 5.34008  23 0 0.0213559 -0.341288
fishery 2015 5.34008  24 0.0139759 0.0181437 -0.0721402
fishery 2015 5.34008  25 0.0066185 0.0158567 -0.17084
fishery 2015 5.34008  26 0.0076699 0.0142772 -0.128661
fishery 2015 5.34008  27 0.0126125 0.0132208 -0.0123015
fishery 2015 5.34008  28 0.0200574 0.0125283 0.156365
fishery 2015 5.34008  29 0.0125877 0.0120633 0.0110965
fishery 2015 5.34008  30 0.00694386 0.0117133 -0.102394
fishery 2015 5.34008  31 0.0145648 0.0113954 0.0689758
fishery 2015 5.34008  32 0.00346787 0.0110582 -0.167654
fishery 2015 5.34008  33 0.00678607 0.0106787 -0.087476
fishery 2015 5.34008  34 0.0107062 0.0102574 0.0102882
fishery 2015 5.34008  35 0 0.00980875 -0.229881
fishery 2015 5.34008  36 1.17e-006 0.00935516 -0.224417
fishery 2015 5.34008  37 0 0.00891889 -0.219096
fishery 2015 5.34008  38 0.00460861 0.00851825 -0.0982519
fishery 2015 5.34008  39 0.00754579 0.00816747 -0.0159522
fishery 2015 5.34008  40 0 0.00787488 -0.20575
fishery 2015 5.34008  41 0 0.00764574 -0.202707
fishery 2015 5.34008  42 0.0108599 0.00748237 0.0905088
fishery 2015 5.34008  43 5.08282e-006 0.00738647 -0.199073
fishery 2015 5.34008  44 0.00246776 0.00735849 -0.132149
fishery 2015 5.34008  45 0.0478003 0.0843694 -0.304027
fishery 2017 6.61153  3 0 0.000266209 -0.0411922
fishery 2017 6.61153  4 0.00481346 0.00040814 0.554061
fishery 2017 6.61153  5 0 0.00361965 -0.154766
fishery 2017 6.61153  6 0 0.00884015 -0.242698
fishery 2017 6.61153  7 0.00595499 0.00605363 -0.00326713
fishery 2017 6.61153  8 0.00590047 0.00580901 0.00309211
fishery 2017 6.61153  9 0.0118548 0.00913361 0.0735084
fishery 2017 6.61153  10 0.00618467 0.0145043 -0.178868
fishery 2017 6.61153  11 0.0179061 0.0217587 -0.0678849
fishery 2017 6.61153  12 0.0132116 0.0323536 -0.278133
fishery 2017 6.61153  13 0.018011 0.0470101 -0.35225
fishery 2017 6.61153  14 0.0722997 0.0622829 0.106567
fishery 2017 6.61153  15 0.155192 0.0733606 0.806968
fishery 2017 6.61153  16 0.1102 0.078087 0.307727
fishery 2017 6.61153  17 0.109248 0.0766688 0.314833
fishery 2017 6.61153  18 0.123927 0.0703834 0.538201
fishery 2017 6.61153  19 0.113373 0.0611185 0.560854
fishery 2017 6.61153  20 0.0713832 0.050884 0.239826
fishery 2017 6.61153  21 0.0372546 0.0412252 -0.0513472
fishery 2017 6.61153  22 0.0294841 0.0329726 -0.050227
fishery 2017 6.61153  23 0.0209824 0.0263617 -0.0863212
fishery 2017 6.61153  24 0.00658802 0.0212831 -0.261744
fishery 2017 6.61153  25 0.00405266 0.0174925 -0.26353
fishery 2017 6.61153  26 0.00604997 0.0147277 -0.185168
fishery 2017 6.61153  27 0 0.0127548 -0.292151
fishery 2017 6.61153  28 0 0.0113792 -0.275742
fishery 2017 6.61153  29 0.00477355 0.0104402 -0.143283
fishery 2017 6.61153  30 0.00630238 0.00980374 -0.0913297
fishery 2017 6.61153  31 0 0.00936028 -0.249809
fishery 2017 6.61153  32 0.00604997 0.00902403 -0.0808222
fishery 2017 6.61153  33 0.00569779 0.00873225 -0.0838161
fishery 2017 6.61153  34 0 0.00844635 -0.237177
fishery 2017 6.61153  35 0.002455 0.00814741 -0.162723
fishery 2017 6.61153  36 0.00608078 0.00783342 -0.051086
fishery 2017 6.61153  37 0.00604997 0.00751256 -0.043524
fishery 2017 6.61153  38 0.000684699 0.00719786 -0.197975
fishery 2017 6.61153  39 1.80247e-006 0.00690507 -0.214197
fishery 2017 6.61153  40 0 0.00664794 -0.210193
fishery 2017 6.61153  41 0 0.00643916 -0.20684
fishery 2017 6.61153  42 0 0.00628819 -0.204381
fishery 2017 6.61153  43 0 0.00620274 -0.202977
fishery 2017 6.61153  44 0.0028634 0.00618738 -0.108907
fishery 2017 6.61153  45 0.0151692 0.0740921 -0.578413
fishery 2019 8.5187  3 0.00147404 0.000218791 0.24224
fishery 2019 8.5187  4 0.00382953 0.000486588 0.437951
fishery 2019 8.5187  5 0.00646762 0.00077672 0.592419
fishery 2019 8.5187  6 0.00974668 0.00196171 0.512214
fishery 2019 8.5187  7 0.025002 0.0119586 0.350083
fishery 2019 8.5187  8 0.0306022 0.0201362 0.217415
fishery 2019 8.5187  9 0.0679038 0.0172102 1.13735
fishery 2019 8.5187  10 0.0281009 0.0170225 0.249895
fishery 2019 8.5187  11 0.0461627 0.0225621 0.463748
fishery 2019 8.5187  12 0.0681601 0.030642 0.635269
fishery 2019 8.5187  13 0.0434373 0.0393717 0.0610081
fishery 2019 8.5187  14 0.072861 0.0489685 0.32311
fishery 2019 8.5187  15 0.0760717 0.0590922 0.210153
fishery 2019 8.5187  16 0.088758 0.067404 0.248569
fishery 2019 8.5187  17 0.0995455 0.0716059 0.316256
fishery 2019 8.5187  18 0.106371 0.07108 0.400826
fishery 2019 8.5187  19 0.0584513 0.0665281 -0.0945886
fishery 2019 8.5187  20 0.046436 0.0592195 -0.158061
fishery 2019 8.5187  21 0.0191629 0.0505669 -0.418279
fishery 2019 8.5187  22 0.00939059 0.0418246 -0.472824
fishery 2019 8.5187  23 0.00665175 0.0338676 -0.439072
fishery 2019 8.5187  24 0.00543851 0.027136 -0.38969
fishery 2019 8.5187  25 8.89872e-007 0.0217289 -0.434871
fishery 2019 8.5187  26 0.00730587 0.017543 -0.227528
fishery 2019 8.5187  27 0.00020237 0.0143898 -0.347586
fishery 2019 8.5187  28 0.00740494 0.0120671 -0.124576
fishery 2019 8.5187  29 0.00261074 0.0103909 -0.223827
fishery 2019 8.5187  30 0.00405858 0.00920394 -0.157177
fishery 2019 8.5187  31 0.00684432 0.00837571 -0.049015
fishery 2019 8.5187  32 0.000541568 0.00779941 -0.240651
fishery 2019 8.5187  33 0 0.00738825 -0.251638
fishery 2019 8.5187  34 0.0100528 0.00707583 0.103589
fishery 2019 8.5187  35 0.000203224 0.00681421 -0.234376
fishery 2019 8.5187  36 0.00525431 0.00657375 -0.0476181
fishery 2019 8.5187  37 0.00392695 0.00633959 -0.0886522
fishery 2019 8.5187  38 1.05975e-006 0.00610805 -0.228581
fishery 2019 8.5187  39 0.00159217 0.00588467 -0.163663
fishery 2019 8.5187  40 0.00156586 0.00567902 -0.159618
fishery 2019 8.5187  41 6.41958e-007 0.00550401 -0.216911
fishery 2019 8.5187  42 0.00308592 0.00537215 -0.0912013
fishery 2019 8.5187  43 0.00166849 0.00529555 -0.145724
fishery 2019 8.5187  44 0.000782032 0.00528327 -0.181054
fishery 2019 8.5187  45 0.0228721 0.0655423 -0.503199
fishery 2020 9.49348  3 0 0.000150034 -0.0365452
fishery 2020 9.49348  4 0.00368721 0.000388672 0.509111
fishery 2020 9.49348  5 0.0245371 0.000819974 2.5376
fishery 2020 9.49348  6 0.0267638 0.00132757 2.14436
fishery 2020 9.49348  7 0.0301698 0.00453715 1.17389
fishery 2020 9.49348  8 0.0564973 0.0200669 0.800264
fishery 2020 9.49348  9 0.109248 0.030595 1.40695
fishery 2020 9.49348  10 0.0355186 0.0277081 0.146593
fishery 2020 9.49348  11 0.0273063 0.0269209 0.00733687
fishery 2020 9.49348  12 0.0527588 0.0321087 0.360865
fishery 2020 9.49348  13 0.0683266 0.0394606 0.456779
fishery 2020 9.49348  14 0.0761511 0.0465592 0.432703
fishery 2020 9.49348  15 0.071555 0.0534597 0.247832
fishery 2020 9.49348  16 0.0490245 0.0600358 -0.142809
fishery 2020 9.49348  17 0.0575142 0.0648294 -0.0915337
fishery 2020 9.49348  18 0.0492024 0.0664152 -0.212972
fishery 2020 9.49348  19 0.0585983 0.0644532 -0.0734585
fishery 2020 9.49348  20 0.0444586 0.0595118 -0.196033
fishery 2020 9.49348  21 0.0199674 0.0525925 -0.450293
fishery 2020 9.49348  22 0.0348207 0.0447969 -0.14858
fishery 2020 9.49348  23 0.00685781 0.0370829 -0.492768
fishery 2020 9.49348  24 0.0080673 0.0301076 -0.397338
fishery 2020 9.49348  25 0.0182221 0.024201 -0.119852
fishery 2020 9.49348  26 0.00840774 0.0194333 -0.246032
fishery 2020 9.49348  27 0.00840899 0.0157181 -0.181002
fishery 2020 9.49348  28 0.00560818 0.0129003 -0.199031
fishery 2020 9.49348  29 0.00401158 0.0108104 -0.202482
fishery 2020 9.49348  30 0.00255665 0.00929061 -0.216151
fishery 2020 9.49348  31 0.00255596 0.00820503 -0.192831
fishery 2020 9.49348  32 0.00384986 0.00744001 -0.128639
fishery 2020 9.49348  33 0.00426333 0.00690132 -0.0981096
fishery 2020 9.49348  34 0 0.00651387 -0.249299
fishery 2020 9.49348  35 0.00919484 0.00621948 0.116515
fishery 2020 9.49348  36 0.00130171 0.00597734 -0.186741
fishery 2020 9.49348  37 0 0.0057615 -0.234348
fishery 2020 9.49348  38 0.000600512 0.00555852 -0.205288
fishery 2020 9.49348  39 0.00293531 0.0053661 -0.102423
fishery 2020 9.49348  40 0.00130125 0.00518845 -0.16655
fishery 2020 9.49348  41 0 0.00503544 -0.218977
fishery 2020 9.49348  42 0.000599798 0.0049186 -0.190015
fishery 2020 9.49348  43 0 0.0048503 -0.214886
fishery 2020 9.49348  44 0.00112013 0.00484083 -0.165001
fishery 2020 9.49348  45 0.0140316 0.0609416 -0.604146
fishery 2021 16.8255  3 0 0.000116424 -0.0424756
fishery 2021 16.8255  4 0 0.000268299 -0.0659793
fishery 2021 16.8255  5 0.0329904 0.000671383 5.08036
fishery 2021 16.8255  6 0.0330771 0.00136398 3.51181
fishery 2021 16.8255  7 0.0340585 0.00235387 2.67799
fishery 2021 16.8255  8 0.0482985 0.00952469 1.63662
fishery 2021 16.8255  9 0.0739455 0.0319178 0.980575
fishery 2021 16.8255  10 0.0847879 0.0452515 0.780142
fishery 2021 16.8255  11 0.0663357 0.0420955 0.495098
fishery 2021 16.8255  12 0.0422616 0.0392609 0.0633662
fishery 2021 16.8255  13 0.0498924 0.0418726 0.164219
fishery 2021 16.8255  14 0.0542176 0.0464514 0.151348
fishery 2021 16.8255  15 0.0720051 0.0506132 0.400255
fishery 2021 16.8255  16 0.0735918 0.0543492 0.348134
fishery 2021 16.8255  17 0.0628366 0.057672 0.0908673
fishery 2021 16.8255  18 0.0381874 0.0596829 -0.372164
fishery 2021 16.8255  19 0.0337405 0.0594514 -0.44596
fishery 2021 16.8255  20 0.0496897 0.0567243 -0.124734
fishery 2021 16.8255  21 0.0283287 0.0518843 -0.435602
fishery 2021 16.8255  22 0.016256 0.0456628 -0.57777
fishery 2021 16.8255  23 0.0202513 0.038883 -0.395289
fishery 2021 16.8255  24 0.0115532 0.0322606 -0.480649
fishery 2021 16.8255  25 0.00567052 0.0262891 -0.528518
fishery 2021 16.8255  26 0.0113985 0.0212169 -0.279408
fishery 2021 16.8255  27 0.00505699 0.0170977 -0.380879
fishery 2021 16.8255  28 0.00557512 0.0138645 -0.290691
fishery 2021 16.8255  29 0.00269944 0.0113938 -0.335882
fishery 2021 16.8255  30 0.00607269 0.00954689 -0.146475
fishery 2021 16.8255  31 0.00790609 0.00819313 -0.0130536
fishery 2021 16.8255  32 0.00194575 0.00721789 -0.255294
fishery 2021 16.8255  33 0.0013036 0.00652355 -0.265766
fishery 2021 16.8255  34 0.00247173 0.00602988 -0.188369
fishery 2021 16.8255  35 0.00140919 0.00567208 -0.232633
fishery 2021 16.8255  36 0.00319822 0.00540118 -0.123175
fishery 2021 16.8255  37 0.00140944 0.0051823 -0.21533
fishery 2021 16.8255  38 0.00300876 0.00499301 -0.115359
fishery 2021 16.8255  39 0 0.00482287 -0.285259
fishery 2021 16.8255  40 0.00268202 0.00466973 -0.119466
fishery 2021 16.8255  41 0 0.00453881 -0.276673
fishery 2021 16.8255  42 0.00130356 0.00443891 -0.193246
fishery 2021 16.8255  43 0.0010168 0.00438116 -0.208715
fishery 2021 16.8255  44 0.000142267 0.00437587 -0.262797
fishery 2021 16.8255  45 0.0094239 0.0558186 -0.828893
fishery 2023 17.885  3 0 0.000121987 -0.0449077
fishery 2023 17.885  4 0.00323979 0.000212912 0.857475
fishery 2023 17.885  5 0.00342425 0.000346247 0.68979
fishery 2023 17.885  6 0.040979 0.000784009 6.035
fishery 2023 17.885  7 0.0369087 0.00186014 3.43071
fishery 2023 17.885  8 0.0482552 0.00356158 3.16838
fishery 2023 17.885  9 0.0423211 0.00794471 1.63654
fishery 2023 17.885  10 0.0641862 0.028998 0.886696
fishery 2023 17.885  11 0.103614 0.0650408 0.661472
fishery 2023 17.885  12 0.0900534 0.0824335 0.117166
fishery 2023 17.885  13 0.0568819 0.0761003 -0.306499
fishery 2023 17.885  14 0.040401 0.0642378 -0.411133
fishery 2023 17.885  15 0.0352113 0.0561632 -0.38482
fishery 2023 17.885  16 0.0194045 0.0516722 -0.616404
fishery 2023 17.885  17 0.0437177 0.0490663 -0.104708
fishery 2023 17.885  18 0.0326864 0.0475776 -0.295811
fishery 2023 17.885  19 0.0474564 0.0466587 0.0159926
fishery 2023 17.885  20 0.0504246 0.0455805 0.0982082
fishery 2023 17.885  21 0.0342272 0.0437112 -0.196155
fishery 2023 17.885  22 0.0492155 0.040781 0.18033
fishery 2023 17.885  23 0.0330278 0.0368871 -0.0865795
fishery 2023 17.885  24 0.0320567 0.0323652 -0.00737166
fishery 2023 17.885  25 0.0207839 0.0276372 -0.176768
fishery 2023 17.885  26 0.00688691 0.0230845 -0.456052
fishery 2023 17.885  27 0.00564454 0.0189773 -0.413138
fishery 2023 17.885  28 0.00452683 0.0154572 -0.374593
fishery 2023 17.885  29 0.00695923 0.0125603 -0.212613
fishery 2023 17.885  30 0.00665244 0.0102514 -0.151029
fishery 2023 17.885  31 0.00154164 0.00845831 -0.31922
fishery 2023 17.885  32 0 0.00709685 -0.35729
fishery 2023 17.885  33 0.00165968 0.00608251 -0.240366
fishery 2023 17.885  34 0.0009285 0.00533906 -0.25572
fishery 2023 17.885  35 0.00157111 0.00480006 -0.197369
fishery 2023 17.885  36 0.00386881 0.00441065 -0.034541
fishery 2023 17.885  37 0.00270778 0.00412661 -0.0934876
fishery 2023 17.885  38 0.00286747 0.00391402 -0.0707931
fishery 2023 17.885  39 0.00121146 0.00374989 -0.175404
fishery 2023 17.885  40 0.000785542 0.00362001 -0.19932
fishery 2023 17.885  41 0.000899525 0.00351879 -0.186801
fishery 2023 17.885  42 0.00146027 0.00344676 -0.143136
fishery 2023 17.885  43 0.00199573 0.00340908 -0.102397
fishery 2023 17.885  44 0 0.00341259 -0.247113
fishery 2023 17.885  45 0.0193557 0.0445418 -0.516261
