 index year n comp_unit obs pred pearson
AI_survey 1991 5.78342  3 0.000194647 0.000405533 -0.0248845
AI_survey 1991 5.78342  4 0.000778412 0.000622901 0.0148704
AI_survey 1991 5.78342  5 0.00122284 0.000957879 0.0204916
AI_survey 1991 5.78342  6 0.0006653 0.00150525 -0.0519319
AI_survey 1991 5.78342  7 0.00324987 0.00241596 0.0407656
AI_survey 1991 5.78342  8 0.00995889 0.00383427 0.238013
AI_survey 1991 5.78342  9 0.00968454 0.00576956 0.124203
AI_survey 1991 5.78342  10 0.0188999 0.00808222 0.290373
AI_survey 1991 5.78342  11 0.0192253 0.0106374 0.201224
AI_survey 1991 5.78342  12 0.0101137 0.0133894 -0.0685142
AI_survey 1991 5.78342  13 0.00225851 0.0163346 -0.266972
AI_survey 1991 5.78342  14 0.0341212 0.0195185 0.253788
AI_survey 1991 5.78342  15 0.0141437 0.0231165 -0.143565
AI_survey 1991 5.78342  16 0.0139545 0.0272666 -0.19654
AI_survey 1991 5.78342  17 0.00539036 0.031793 -0.361846
AI_survey 1991 5.78342  18 0.00861163 0.0362545 -0.355595
AI_survey 1991 5.78342  19 0.016474 0.0402001 -0.290444
AI_survey 1991 5.78342  20 0.0406097 0.0433232 -0.0320502
AI_survey 1991 5.78342  21 0.0212907 0.0454705 -0.279088
AI_survey 1991 5.78342  22 0.0312881 0.0465954 -0.174638
AI_survey 1991 5.78342  23 0.0388767 0.0467151 -0.0893175
AI_survey 1991 5.78342  24 0.0370146 0.0458888 -0.101982
AI_survey 1991 5.78342  25 0.032465 0.0442201 -0.137494
AI_survey 1991 5.78342  26 0.0530222 0.0418576 0.134055
AI_survey 1991 5.78342  27 0.0623946 0.0389866 0.290791
AI_survey 1991 5.78342  28 0.0538427 0.0358103 0.233347
AI_survey 1991 5.78342  29 0.0851207 0.0325232 0.712978
AI_survey 1991 5.78342  30 0.070118 0.0292894 0.582217
AI_survey 1991 5.78342  31 0.0447166 0.0262309 0.278109
AI_survey 1991 5.78342  32 0.0498533 0.0234261 0.420097
AI_survey 1991 5.78342  33 0.0471895 0.0209143 0.441473
AI_survey 1991 5.78342  34 0.0367768 0.0187053 0.320694
AI_survey 1991 5.78342  35 0.0379703 0.0167888 0.396358
AI_survey 1991 5.78342  36 0.0328711 0.0151433 0.348987
AI_survey 1991 5.78342  37 0.0110179 0.0137422 -0.0562545
AI_survey 1991 5.78342  38 0.0171297 0.0125577 0.0987002
AI_survey 1991 5.78342  39 0.00673415 0.0115654 -0.10862
AI_survey 1991 5.78342  40 0.0044715 0.0107446 -0.146259
AI_survey 1991 5.78342  41 0.00213719 0.01008 -0.191127
AI_survey 1991 5.78342  42 0.0061816 0.0095611 -0.0834743
AI_survey 1991 5.78342  43 0.00339066 0.00918189 -0.145937
AI_survey 1991 5.78342  44 0 0.00893811 -0.228257
AI_survey 1991 5.78342  45 0.00456953 0.099636 -0.763279
AI_survey 1994 13.8299  3 0 0.000507685 -0.0830011
AI_survey 1994 13.8299  4 0 0.000685553 -0.0967023
AI_survey 1994 13.8299  5 0 0.000932728 -0.113025
AI_survey 1994 13.8299  6 4.4103e-008 0.0013278 -0.13509
AI_survey 1994 13.8299  7 6.07837e-008 0.00197521 -0.16502
AI_survey 1994 13.8299  8 2.12867e-007 0.00302419 -0.204469
AI_survey 1994 13.8299  9 0.00101335 0.00470662 -0.200462
AI_survey 1994 13.8299  10 0.00107614 0.00728538 -0.27134
AI_survey 1994 13.8299  11 0.00625964 0.0108154 -0.163724
AI_survey 1994 13.8299  12 0.00988276 0.0149489 -0.155208
AI_survey 1994 13.8299  13 0.0148471 0.0191024 -0.115577
AI_survey 1994 13.8299  14 0.0138645 0.0227991 -0.222556
AI_survey 1994 13.8299  15 0.0343408 0.0258324 0.199425
AI_survey 1994 13.8299  16 0.0217599 0.0282433 -0.145513
AI_survey 1994 13.8299  17 0.0390208 0.0302704 0.189904
AI_survey 1994 13.8299  18 0.0288573 0.0322282 -0.0709716
AI_survey 1994 13.8299  19 0.0254975 0.0343 -0.179841
AI_survey 1994 13.8299  20 0.0315988 0.0364324 -0.0959274
AI_survey 1994 13.8299  21 0.0477571 0.0384148 0.180745
AI_survey 1994 13.8299  22 0.00976053 0.0400212 -0.574064
AI_survey 1994 13.8299  23 0.0228623 0.0410928 -0.341496
AI_survey 1994 13.8299  24 0.0315646 0.0415484 -0.186035
AI_survey 1994 13.8299  25 0.0261062 0.0413662 -0.284948
AI_survey 1994 13.8299  26 0.0424472 0.0405624 0.0355271
AI_survey 1994 13.8299  27 0.0177434 0.0391827 -0.410866
AI_survey 1994 13.8299  28 0.0207996 0.0373025 -0.323817
AI_survey 1994 13.8299  29 0.0207061 0.0350249 -0.289607
AI_survey 1994 13.8299  30 0.0393987 0.0324724 0.145297
AI_survey 1994 13.8299  31 0.0590584 0.0297749 0.640622
AI_survey 1994 13.8299  32 0.0734838 0.027055 1.06403
AI_survey 1994 13.8299  33 0.0337919 0.0244155 0.225888
AI_survey 1994 13.8299  34 0.0543105 0.0219339 0.821868
AI_survey 1994 13.8299  35 0.0332877 0.0196603 0.364948
AI_survey 1994 13.8299  36 0.0620435 0.0176216 1.25523
AI_survey 1994 13.8299  37 0.0351032 0.015826 0.574246
AI_survey 1994 13.8299  38 0.025045 0.0142685 0.337808
AI_survey 1994 13.8299  39 0.0296367 0.0129377 0.549329
AI_survey 1994 13.8299  40 0.0115083 0.0118195 -0.0107063
AI_survey 1994 13.8299  41 0.0206918 0.0109006 0.350513
AI_survey 1994 13.8299  42 0.00807473 0.0101704 -0.0776371
AI_survey 1994 13.8299  43 0.0238838 0.00962148 0.543068
AI_survey 1994 13.8299  44 0.00746473 0.00924799 -0.0692446
AI_survey 1994 13.8299  45 0.0154511 0.102341 -1.06605
AI_survey 1997 20.8706  3 0 0.000859411 -0.133212
AI_survey 1997 20.8706  4 0 0.00107589 -0.149238
AI_survey 1997 20.8706  5 0 0.00131861 -0.165376
AI_survey 1997 20.8706  6 0 0.0016466 -0.184972
AI_survey 1997 20.8706  7 1.0095e-007 0.0021381 -0.210967
AI_survey 1997 20.8706  8 0.00224275 0.00290067 -0.0557923
AI_survey 1997 20.8706  9 0.00373533 0.00409738 -0.0258612
AI_survey 1997 20.8706  10 0.00608094 0.0059421 0.00824597
AI_survey 1997 20.8706  11 0.00778029 0.00869314 -0.044898
AI_survey 1997 20.8706  12 0.000795589 0.0125779 -0.482806
AI_survey 1997 20.8706  13 0.00701329 0.0175459 -0.366385
AI_survey 1997 20.8706  14 0.0269124 0.0230357 0.11803
AI_survey 1997 20.8706  15 0.0177279 0.0281366 -0.287507
AI_survey 1997 20.8706  16 0.0211829 0.0320654 -0.282156
AI_survey 1997 20.8706  17 0.019678 0.0345047 -0.371054
AI_survey 1997 20.8706  18 0.020313 0.0356006 -0.376868
AI_survey 1997 20.8706  19 0.0292451 0.0357808 -0.160725
AI_survey 1997 20.8706  20 0.047564 0.035553 0.296286
AI_survey 1997 20.8706  21 0.0533956 0.0353261 0.447114
AI_survey 1997 20.8706  22 0.0294701 0.0353027 -0.144368
AI_survey 1997 20.8706  23 0.0117479 0.0354813 -0.586022
AI_survey 1997 20.8706  24 0.0266307 0.0357368 -0.224071
AI_survey 1997 20.8706  25 0.0345445 0.0359129 -0.0335936
AI_survey 1997 20.8706  26 0.0473857 0.035877 0.282658
AI_survey 1997 20.8706  27 0.0510916 0.0355385 0.383735
AI_survey 1997 20.8706  28 0.0474601 0.0348488 0.314106
AI_survey 1997 20.8706  29 0.0322671 0.0337944 -0.0386077
AI_survey 1997 20.8706  30 0.0394547 0.0323923 0.182216
AI_survey 1997 20.8706  31 0.0368641 0.030687 0.163596
AI_survey 1997 20.8706  32 0.0347004 0.0287452 0.162794
AI_survey 1997 20.8706  33 0.0575473 0.0266474 0.87636
AI_survey 1997 20.8706  34 0.0384041 0.0244784 0.411611
AI_survey 1997 20.8706  35 0.0395772 0.0223182 0.533654
AI_survey 1997 20.8706  36 0.0445735 0.0202349 0.789487
AI_survey 1997 20.8706  37 0.0240801 0.0182814 0.19769
AI_survey 1997 20.8706  38 0.0179387 0.0164937 0.0518144
AI_survey 1997 20.8706  39 0.0320748 0.0148949 0.647714
AI_survey 1997 20.8706  40 0.0132547 0.0134972 -0.00959694
AI_survey 1997 20.8706  41 0.00983998 0.0123065 -0.102163
AI_survey 1997 20.8706  42 0.0230118 0.0113247 0.504367
AI_survey 1997 20.8706  43 0.0079477 0.0105524 -0.1164
AI_survey 1997 20.8706  44 0.0095146 0.00998813 -0.0217438
AI_survey 1997 20.8706  45 0.0269515 0.105867 -1.17173
AI_survey 2000 17.8532  3 0 0.00181457 -0.179658
AI_survey 2000 17.8532  4 0 0.00201039 -0.189173
AI_survey 2000 17.8532  5 0 0.00230675 -0.202732
AI_survey 2000 17.8532  6 4.27907e-007 0.00270365 -0.21956
AI_survey 2000 17.8532  7 0.000464994 0.00322696 -0.205453
AI_survey 2000 17.8532  8 0.00129896 0.00391697 -0.17687
AI_survey 2000 17.8532  9 0.000676734 0.0048576 -0.25382
AI_survey 2000 17.8532  10 0 0.00619189 -0.33325
AI_survey 2000 17.8532  11 0.00103488 0.0081107 -0.333126
AI_survey 2000 17.8532  12 0.000668179 0.0108086 -0.41418
AI_survey 2000 17.8532  13 0.00849486 0.0144231 -0.210021
AI_survey 2000 17.8532  14 0.00866706 0.0189716 -0.319067
AI_survey 2000 17.8532  15 0.00752201 0.0242353 -0.459129
AI_survey 2000 17.8532  16 0.0174264 0.0296474 -0.304395
AI_survey 2000 17.8532  17 0.0155786 0.0343966 -0.436227
AI_survey 2000 17.8532  18 0.0128217 0.0377641 -0.55279
AI_survey 2000 17.8532  19 0.0242556 0.0394297 -0.329406
AI_survey 2000 17.8532  20 0.0297142 0.0395296 -0.212817
AI_survey 2000 17.8532  21 0.0282102 0.0385066 -0.226073
AI_survey 2000 17.8532  22 0.0127299 0.0369069 -0.541771
AI_survey 2000 17.8532  23 0.0392006 0.0352114 0.0914383
AI_survey 2000 17.8532  24 0.057371 0.0337354 0.55306
AI_survey 2000 17.8532  25 0.0487467 0.0326074 0.383899
AI_survey 2000 17.8532  26 0.0378678 0.0318064 0.145924
AI_survey 2000 17.8532  27 0.0479902 0.0312261 0.407194
AI_survey 2000 17.8532  28 0.0281408 0.0307349 -0.0634949
AI_survey 2000 17.8532  29 0.0332951 0.0302128 0.0760738
AI_survey 2000 17.8532  30 0.0692056 0.0295678 0.988561
AI_survey 2000 17.8532  31 0.0440371 0.028741 0.386765
AI_survey 2000 17.8532  32 0.0549217 0.0277051 0.700548
AI_survey 2000 17.8532  33 0.0420946 0.0264607 0.411499
AI_survey 2000 17.8532  34 0.0164068 0.0250323 -0.233243
AI_survey 2000 17.8532  35 0.0393401 0.0234617 0.443148
AI_survey 2000 17.8532  36 0.0211933 0.0218024 -0.017617
AI_survey 2000 17.8532  37 0.026186 0.0201114 0.182794
AI_survey 2000 17.8532  38 0.0203446 0.0184434 0.0596916
AI_survey 2000 17.8532  39 0.0316052 0.0168479 0.484345
AI_survey 2000 17.8532  40 0.0377563 0.0153666 0.768848
AI_survey 2000 17.8532  41 0.0162616 0.0140333 0.0800148
AI_survey 2000 17.8532  42 0.0217967 0.0128747 0.334271
AI_survey 2000 17.8532  43 0.0134733 0.0119113 0.0608111
AI_survey 2000 17.8532  44 0.0180727 0.0111567 0.278088
AI_survey 2000 17.8532  45 0.0651275 0.111191 -0.619094
AI_survey 2002 16.5959  3 0.00455685 0.00384851 0.0465449
AI_survey 2002 16.5959  4 0.0105695 0.00445168 0.373954
AI_survey 2002 16.5959  5 0.000827579 0.00412638 -0.209385
AI_survey 2002 16.5959  6 0.000965466 0.00420549 -0.203724
AI_survey 2002 16.5959  7 1.53849e-006 0.00473001 -0.280455
AI_survey 2002 16.5959  8 0.00164331 0.00550261 -0.21234
AI_survey 2002 16.5959  9 7.00293e-007 0.00648459 -0.328833
AI_survey 2002 16.5959  10 8.21124e-008 0.0077178 -0.359043
AI_survey 2002 16.5959  11 1.69374e-007 0.0092979 -0.394441
AI_survey 2002 16.5959  12 0.00096504 0.0113577 -0.399369
AI_survey 2002 16.5959  13 3.71099e-007 0.0140246 -0.485679
AI_survey 2002 16.5959  14 0.00213861 0.0173633 -0.474694
AI_survey 2002 16.5959  15 0.017013 0.0213412 -0.121978
AI_survey 2002 16.5959  16 0.0104744 0.0257976 -0.393688
AI_survey 2002 16.5959  17 0.00888602 0.0303826 -0.510139
AI_survey 2002 16.5959  18 0.0213915 0.0345493 -0.293453
AI_survey 2002 16.5959  19 0.0266936 0.0377037 -0.235445
AI_survey 2002 16.5959  20 0.0379796 0.0394441 -0.0306469
AI_survey 2002 16.5959  21 0.0364248 0.039708 -0.0684873
AI_survey 2002 16.5959  22 0.0512937 0.0387497 0.264747
AI_survey 2002 16.5959  23 0.0405177 0.0370044 0.0758096
AI_survey 2002 16.5959  24 0.0478905 0.0349341 0.287421
AI_survey 2002 16.5959  25 0.0249243 0.0329141 -0.182411
AI_survey 2002 16.5959  26 0.0392705 0.0311738 0.18977
AI_survey 2002 16.5959  27 0.0317263 0.0297949 0.0462683
AI_survey 2002 16.5959  28 0.0295922 0.0287488 0.0205563
AI_survey 2002 16.5959  29 0.0278118 0.0279441 -0.00326901
AI_survey 2002 16.5959  30 0.0408953 0.0272686 0.340788
AI_survey 2002 16.5959  31 0.0383187 0.0266185 0.29606
AI_survey 2002 16.5959  32 0.0591214 0.0259116 0.851408
AI_survey 2002 16.5959  33 0.031487 0.0250925 0.166522
AI_survey 2002 16.5959  34 0.0510489 0.0241324 0.714392
AI_survey 2002 16.5959  35 0.0302726 0.0230269 0.196756
AI_survey 2002 16.5959  36 0.0236977 0.0217923 0.0531531
AI_survey 2002 16.5959  37 0.0233886 0.0204602 0.0842474
AI_survey 2002 16.5959  38 0.0300767 0.0190712 0.327712
AI_survey 2002 16.5959  39 0.0183973 0.0176716 0.0224326
AI_survey 2002 16.5959  40 0.0152411 0.016308 -0.0343071
AI_survey 2002 16.5959  41 0.0364832 0.0150249 0.718351
AI_survey 2002 16.5959  42 0.0278475 0.0138623 0.487108
AI_survey 2002 16.5959  43 0.0184884 0.0128551 0.203644
AI_survey 2002 16.5959  44 0.0154991 0.0120299 0.129584
AI_survey 2002 16.5959  45 0.0661776 0.115573 -0.629378
AI_survey 2004 20.8706  3 0.00174944 0.00414257 -0.170012
AI_survey 2004 20.8706  4 0.0110453 0.00555274 0.337374
AI_survey 2004 20.8706  5 0.00833839 0.00742143 0.0487757
AI_survey 2004 20.8706  6 0.0134411 0.00815798 0.268153
AI_survey 2004 20.8706  7 0.00669465 0.00786042 -0.0602697
AI_survey 2004 20.8706  8 0.00325917 0.00802032 -0.243705
AI_survey 2004 20.8706  9 0.00107456 0.00883102 -0.378537
AI_survey 2004 20.8706  10 0.00109572 0.0100321 -0.409456
AI_survey 2004 20.8706  11 0.00451793 0.0114895 -0.298723
AI_survey 2004 20.8706  12 0.00142399 0.0131804 -0.470758
AI_survey 2004 20.8706  13 0.00341017 0.015145 -0.438817
AI_survey 2004 20.8706  14 0.00501182 0.0174477 -0.433786
AI_survey 2004 20.8706  15 0 0.020132 -0.654668
AI_survey 2004 20.8706  16 0.00601812 0.0231848 -0.52102
AI_survey 2004 20.8706  17 0.0187368 0.0265225 -0.221319
AI_survey 2004 20.8706  18 0.00928922 0.0299661 -0.553954
AI_survey 2004 20.8706  19 0.0174241 0.0332095 -0.402404
AI_survey 2004 20.8706  20 0.0274237 0.0358521 -0.207075
AI_survey 2004 20.8706  21 0.0271877 0.0375248 -0.248462
AI_survey 2004 20.8706  22 0.0563451 0.038036 0.437223
AI_survey 2004 20.8706  23 0.0249317 0.0374355 -0.300881
AI_survey 2004 20.8706  24 0.0589934 0.0359744 0.564619
AI_survey 2004 20.8706  25 0.0447549 0.0340068 0.270872
AI_survey 2004 20.8706  26 0.0466831 0.0318835 0.384774
AI_survey 2004 20.8706  27 0.0483215 0.0298761 0.494892
AI_survey 2004 20.8706  28 0.0558143 0.0281449 0.764173
AI_survey 2004 20.8706  29 0.0484461 0.0267422 0.614488
AI_survey 2004 20.8706  30 0.0360559 0.0256398 0.301005
AI_survey 2004 20.8706  31 0.0355068 0.0247638 0.315748
AI_survey 2004 20.8706  32 0.0349804 0.024025 0.32678
AI_survey 2004 20.8706  33 0.030565 0.0233381 0.218638
AI_survey 2004 20.8706  34 0.0478742 0.0226341 0.775094
AI_survey 2004 20.8706  35 0.0393514 0.021865 0.546134
AI_survey 2004 20.8706  36 0.0156638 0.0210045 -0.170107
AI_survey 2004 20.8706  37 0.0299623 0.0200472 0.323096
AI_survey 2004 20.8706  38 0.0216898 0.019004 0.0898414
AI_survey 2004 20.8706  39 0.0110935 0.0179004 -0.234472
AI_survey 2004 20.8706  40 0.0109209 0.0167715 -0.208081
AI_survey 2004 20.8706  41 0.0180385 0.0156583 0.087559
AI_survey 2004 20.8706  42 0.0179071 0.0146039 0.125751
AI_survey 2004 20.8706  43 0.00500392 0.0136503 -0.340297
AI_survey 2004 20.8706  44 0.00915974 0.0128342 -0.149079
AI_survey 2004 20.8706  45 0.0847949 0.120487 -0.500884
AI_survey 2006 19.1104  3 0.00222387 0.00377554 -0.110458
AI_survey 2006 19.1104  4 0.00444351 0.00648314 -0.111013
AI_survey 2006 19.1104  5 0.00754384 0.00803743 -0.0241508
AI_survey 2006 19.1104  6 0.012382 0.010312 0.089532
AI_survey 2006 19.1104  7 0.0212071 0.0130895 0.312102
AI_survey 2006 19.1104  8 0.026196 0.0142107 0.442521
AI_survey 2006 19.1104  9 0.00801556 0.0140355 -0.22363
AI_survey 2006 19.1104  10 0.00223656 0.0142223 -0.442359
AI_survey 2006 19.1104  11 0.00499941 0.0151486 -0.363124
AI_survey 2006 19.1104  12 1.5851e-007 0.0165105 -0.566235
AI_survey 2006 19.1104  13 5.52174e-007 0.0180341 -0.592247
AI_survey 2006 19.1104  14 4.05144e-007 0.0196 -0.617936
AI_survey 2006 19.1104  15 0.000350643 0.0212044 -0.632645
AI_survey 2006 19.1104  16 0.00436011 0.0229001 -0.541706
AI_survey 2006 19.1104  17 0.00781306 0.0247402 -0.476291
AI_survey 2006 19.1104  18 0.00717052 0.0267407 -0.530213
AI_survey 2006 19.1104  19 0.00663438 0.0288567 -0.580212
AI_survey 2006 19.1104  20 0.0182994 0.0309566 -0.319415
AI_survey 2006 19.1104  21 0.0449188 0.0328128 0.297027
AI_survey 2006 19.1104  22 0.0288413 0.0341507 -0.127779
AI_survey 2006 19.1104  23 0.0472266 0.0347441 0.297931
AI_survey 2006 19.1104  24 0.0376257 0.0345013 0.074826
AI_survey 2006 19.1104  25 0.0475513 0.0334941 0.341495
AI_survey 2006 19.1104  26 0.0413852 0.0319221 0.235288
AI_survey 2006 19.1104  27 0.0361887 0.0300436 0.15734
AI_survey 2006 19.1104  28 0.0209359 0.0281068 -0.189635
AI_survey 2006 19.1104  29 0.0328633 0.0263006 0.179243
AI_survey 2006 19.1104  30 0.0364578 0.024734 0.32992
AI_survey 2006 19.1104  31 0.0365596 0.0234408 0.378969
AI_survey 2006 19.1104  32 0.027859 0.0223987 0.161275
AI_survey 2006 19.1104  33 0.0352223 0.021552 0.411436
AI_survey 2006 19.1104  34 0.0322251 0.0208326 0.348619
AI_survey 2006 19.1104  35 0.0300579 0.0201746 0.307222
AI_survey 2006 19.1104  36 0.0256707 0.0195237 0.194173
AI_survey 2006 19.1104  37 0.0660226 0.0188416 1.51657
AI_survey 2006 19.1104  38 0.0221274 0.0181066 0.131791
AI_survey 2006 19.1104  39 0.0241995 0.0173151 0.230655
AI_survey 2006 19.1104  40 0.0203172 0.0164782 0.131787
AI_survey 2006 19.1104  41 0.0247589 0.0156199 0.322091
AI_survey 2006 19.1104  42 0.0343251 0.0147732 0.708233
AI_survey 2006 19.1104  43 0.0132622 0.0139759 -0.0265695
AI_survey 2006 19.1104  44 0.0200206 0.0132658 0.257998
AI_survey 2006 19.1104  45 0.0795 0.124033 -0.590595
AI_survey 2010 17.0988  3 0.00192827 0.00371149 -0.121098
AI_survey 2010 17.0988  4 0.00906155 0.00490291 0.245942
AI_survey 2010 17.0988  5 0.00543471 0.0059842 -0.0294361
AI_survey 2010 17.0988  6 0.00421474 0.00822611 -0.183531
AI_survey 2010 17.0988  7 0.0184452 0.0131532 0.191998
AI_survey 2010 17.0988  8 0.0386883 0.019196 0.587271
AI_survey 2010 17.0988  9 0.0282826 0.0248215 0.0919703
AI_survey 2010 17.0988  10 0.032095 0.0307891 0.031256
AI_survey 2010 17.0988  11 0.0582559 0.035346 0.51297
AI_survey 2010 17.0988  12 0.0515 0.0365715 0.328822
AI_survey 2010 17.0988  13 0.0249217 0.0354112 -0.234659
AI_survey 2010 17.0988  14 0.0148216 0.0336594 -0.431848
AI_survey 2010 17.0988  15 0.00958124 0.0321061 -0.52829
AI_survey 2010 17.0988  16 0.0106317 0.0307536 -0.481857
AI_survey 2010 17.0988  17 0.00452652 0.029456 -0.60958
AI_survey 2010 17.0988  18 0.00121457 0.0281844 -0.673737
AI_survey 2010 17.0988  19 0.018376 0.0270195 -0.220396
AI_survey 2010 17.0988  20 0.00183833 0.0260727 -0.628749
AI_survey 2010 17.0988  21 0.00956854 0.0254243 -0.416442
AI_survey 2010 17.0988  22 0.0227678 0.0250933 -0.0614708
AI_survey 2010 17.0988  23 0.0319874 0.0250275 0.184202
AI_survey 2010 17.0988  24 0.0105356 0.0251078 -0.385072
AI_survey 2010 17.0988  25 0.0284941 0.025175 0.0875943
AI_survey 2010 17.0988  26 0.0588911 0.0250709 0.89434
AI_survey 2010 17.0988  27 0.040384 0.0246832 0.418353
AI_survey 2010 17.0988  28 0.0706328 0.0239723 1.26112
AI_survey 2010 17.0988  29 0.0397002 0.0229728 0.461595
AI_survey 2010 17.0988  30 0.0420691 0.0217725 0.574958
AI_survey 2010 17.0988  31 0.0117133 0.0204825 -0.255941
AI_survey 2010 17.0988  32 0.0255872 0.0192089 0.192104
AI_survey 2010 17.0988  33 0.0310276 0.018032 0.403729
AI_survey 2010 17.0988  34 0.0198171 0.016999 0.0901232
AI_survey 2010 17.0988  35 0.0202594 0.0161245 0.135706
AI_survey 2010 17.0988  36 0.0276316 0.015399 0.410663
AI_survey 2010 17.0988  37 0.0100521 0.014797 -0.16245
AI_survey 2010 17.0988  38 0.00111938 0.0142862 -0.45865
AI_survey 2010 17.0988  39 0.0124859 0.0138359 -0.0477735
AI_survey 2010 17.0988  40 0.0139538 0.0134214 0.0191264
AI_survey 2010 17.0988  41 0.0195592 0.0130276 0.238098
AI_survey 2010 17.0988  42 0.00715841 0.0126504 -0.203121
AI_survey 2010 17.0988  43 0.0114502 0.0122957 -0.0317137
AI_survey 2010 17.0988  44 0.00643639 0.0119766 -0.210514
AI_survey 2010 17.0988  45 0.0928997 0.117798 -0.319368
AI_survey 2012 21.1221  3 0 0.00353623 -0.273399
AI_survey 2012 21.1221  4 2.75454e-007 0.00515477 -0.330486
AI_survey 2012 21.1221  5 0.00537015 0.00654513 -0.0669165
AI_survey 2012 21.1221  6 0.0134368 0.00814445 0.270457
AI_survey 2012 21.1221  7 0.00852382 0.0101469 -0.0743966
AI_survey 2012 21.1221  8 0.0129412 0.0142959 -0.0524271
AI_survey 2012 21.1221  9 0.020741 0.0217348 -0.0313149
AI_survey 2012 21.1221  10 0.0276643 0.0302306 -0.0688732
AI_survey 2012 21.1221  11 0.02192 0.0382631 -0.391499
AI_survey 2012 21.1221  12 0.0314972 0.0452801 -0.304628
AI_survey 2012 21.1221  13 0.0476422 0.0491887 -0.0328631
AI_survey 2012 21.1221  14 0.0311158 0.048876 -0.378536
AI_survey 2012 21.1221  15 0.0178994 0.0456525 -0.611009
AI_survey 2012 21.1221  16 0.0072182 0.0414307 -0.788914
AI_survey 2012 21.1221  17 0.0265786 0.0373134 -0.260273
AI_survey 2012 21.1221  18 0.0165574 0.0336337 -0.435252
AI_survey 2012 21.1221  19 0.00174776 0.0304189 -0.767149
AI_survey 2012 21.1221  20 0.0195248 0.0276593 -0.227924
AI_survey 2012 21.1221  21 0.0207302 0.0253689 -0.135552
AI_survey 2012 21.1221  22 0.0197928 0.0235644 -0.114249
AI_survey 2012 21.1221  23 0.0183851 0.0222373 -0.120041
AI_survey 2012 21.1221  24 0.0431549 0.0213378 0.693706
AI_survey 2012 21.1221  25 0.0297979 0.0207731 0.290743
AI_survey 2012 21.1221  26 0.0174205 0.0204159 -0.0973221
AI_survey 2012 21.1221  27 0.034326 0.0201257 0.464621
AI_survey 2012 21.1221  28 0.0378783 0.0197774 0.597328
AI_survey 2012 21.1221  29 0.0455473 0.0192863 0.877352
AI_survey 2012 21.1221  30 0.0873833 0.0186195 2.33728
AI_survey 2012 21.1221  31 0.0560765 0.0177943 1.33046
AI_survey 2012 21.1221  32 0.0410381 0.0168631 0.862646
AI_survey 2012 21.1221  33 0.0342591 0.0158927 0.67474
AI_survey 2012 21.1221  34 0.00810507 0.0149483 -0.259095
AI_survey 2012 21.1221  35 0.00814216 0.0140792 -0.231513
AI_survey 2012 21.1221  36 0.0353709 0.0133157 0.883992
AI_survey 2012 21.1221  37 0.0157061 0.0126683 0.124786
AI_survey 2012 21.1221  38 0.019173 0.0121317 0.295487
AI_survey 2012 21.1221  39 0.0131302 0.0116918 0.0614685
AI_survey 2012 21.1221  40 0.00517298 0.0113309 -0.267272
AI_survey 2012 21.1221  41 0.00963998 0.0110325 -0.0612418
AI_survey 2012 21.1221  42 0.0174185 0.0107849 0.295029
AI_survey 2012 21.1221  43 0.00597718 0.0105827 -0.206756
AI_survey 2012 21.1221  44 0.00486298 0.010426 -0.251589
AI_survey 2012 21.1221  45 0.0611318 0.107446 -0.687314
AI_survey 2014 17.0988  3 0.00698603 0.0296643 -0.552642
AI_survey 2014 17.0988  4 0.011976 0.0084492 0.159239
AI_survey 2014 17.0988  5 0.0219561 0.00615783 0.834391
AI_survey 2014 17.0988  6 0.0229541 0.00824636 0.672101
AI_survey 2014 17.0988  7 0.0269461 0.0105063 0.666413
AI_survey 2014 17.0988  8 0.0269461 0.0129971 0.50907
AI_survey 2014 17.0988  9 0.0239521 0.0164709 0.242982
AI_survey 2014 17.0988  10 0.0199601 0.0229685 -0.0830252
AI_survey 2014 17.0988  11 0.0728543 0.032634 0.93591
AI_survey 2014 17.0988  12 0.0758483 0.0427898 0.675373
AI_survey 2014 17.0988  13 0.0958084 0.0514302 0.830746
AI_survey 2014 17.0988  14 0.0499002 0.0571194 -0.128622
AI_survey 2014 17.0988  15 0.0768463 0.0584043 0.325163
AI_survey 2014 17.0988  16 0.0858283 0.05534 0.551344
AI_survey 2014 17.0988  17 0.0499002 0.0496128 0.00547259
AI_survey 2014 17.0988  18 0.0149701 0.0431171 -0.572946
AI_survey 2014 17.0988  19 0.0229541 0.0370252 -0.308104
AI_survey 2014 17.0988  20 0.00499002 0.0317874 -0.631534
AI_survey 2014 17.0988  21 0.00399202 0.0274655 -0.593796
AI_survey 2014 17.0988  22 0.00698603 0.0239866 -0.459352
AI_survey 2014 17.0988  23 0.00499002 0.0212542 -0.466185
AI_survey 2014 17.0988  24 0.00598802 0.0191733 -0.397481
AI_survey 2014 17.0988  25 0.00898204 0.0176485 -0.272092
AI_survey 2014 17.0988  26 0.0159681 0.016576 -0.0196819
AI_survey 2014 17.0988  27 0.00798403 0.0158408 -0.260119
AI_survey 2014 17.0988  28 0.0189621 0.0153225 0.122487
AI_survey 2014 17.0988  29 0.00698603 0.0149064 -0.270184
AI_survey 2014 17.0988  30 0.0179641 0.0144981 0.119859
AI_survey 2014 17.0988  31 0.0129741 0.0140356 -0.0373023
AI_survey 2014 17.0988  32 0.0149701 0.0134932 0.0529107
AI_survey 2014 17.0988  33 0.0139721 0.0128763 0.0401725
AI_survey 2014 17.0988  34 0.0179641 0.012213 0.21643
AI_survey 2014 17.0988  35 0.0129741 0.0115403 0.0554872
AI_survey 2014 17.0988  36 0.00898204 0.0108957 -0.0761911
AI_survey 2014 17.0988  37 0.00499002 0.0103087 -0.217633
AI_survey 2014 17.0988  38 0.010978 0.00979725 0.0495477
AI_survey 2014 17.0988  39 0.00598802 0.00936989 -0.145073
AI_survey 2014 17.0988  40 0.00898204 0.00902619 -0.00192966
AI_survey 2014 17.0988  41 0.00998004 0.0087614 0.0540427
AI_survey 2014 17.0988  42 0.00998004 0.0085687 0.0632814
AI_survey 2014 17.0988  43 0.00598802 0.00844216 -0.110851
AI_survey 2014 17.0988  44 0.00499002 0.00837706 -0.153577
AI_survey 2014 17.0988  45 0.0459082 0.0909021 -0.647177
AI_survey 2016 21.8764  3 0.002997 0.002504 0.0460467
AI_survey 2016 21.8764  4 0.00699301 0.0105877 -0.164194
AI_survey 2016 21.8764  5 0.014985 0.0336533 -0.484117
AI_survey 2016 21.8764  6 0.024975 0.0176335 0.260822
AI_survey 2016 21.8764  7 0.00899101 0.0112079 -0.0984511
AI_survey 2016 21.8764  8 0.037962 0.0129532 1.03409
AI_survey 2016 21.8764  9 0.026973 0.0161006 0.40391
AI_survey 2016 21.8764  10 0.010989 0.019693 -0.292928
AI_survey 2016 21.8764  11 0.0649351 0.0248595 1.20366
AI_survey 2016 21.8764  12 0.044955 0.0331596 0.308074
AI_survey 2016 21.8764  13 0.130869 0.0436235 1.9976
AI_survey 2016 21.8764  14 0.0769231 0.0534155 0.488927
AI_survey 2016 21.8764  15 0.0809191 0.0603516 0.403932
AI_survey 2016 21.8764  16 0.108891 0.0631356 0.87988
AI_survey 2016 21.8764  17 0.0919081 0.0613798 0.594839
AI_survey 2016 21.8764  18 0.038961 0.0559945 -0.346494
AI_survey 2016 21.8764  19 0.00699301 0.0487172 -0.906437
AI_survey 2016 21.8764  20 0.031968 0.0411654 -0.216502
AI_survey 2016 21.8764  21 0.011988 0.0343251 -0.573763
AI_survey 2016 21.8764  22 0.010989 0.0285834 -0.493775
AI_survey 2016 21.8764  23 0.001998 0.0239697 -0.671738
AI_survey 2016 21.8764  24 0.002997 0.0203626 -0.574941
AI_survey 2016 21.8764  25 0.017982 0.0176042 0.0134332
AI_survey 2016 21.8764  26 0.010989 0.0155423 -0.172115
AI_survey 2016 21.8764  27 0.012987 0.0140387 -0.0417947
AI_survey 2016 21.8764  28 0.013986 0.012967 0.0421148
AI_survey 2016 21.8764  29 0.00699301 0.0122096 -0.222083
AI_survey 2016 21.8764  30 0.00699301 0.011658 -0.203184
AI_survey 2016 21.8764  31 0.000999001 0.011219 -0.45365
AI_survey 2016 21.8764  32 0.004995 0.0108207 -0.263253
AI_survey 2016 21.8764  33 0.014985 0.0104159 0.210399
AI_survey 2016 21.8764  34 0.00599401 0.00998314 -0.187584
AI_survey 2016 21.8764  35 0.010989 0.00952192 0.070621
AI_survey 2016 21.8764  36 0 0.00904696 -0.446658
AI_survey 2016 21.8764  37 0 0.00857969 -0.434855
AI_survey 2016 21.8764  38 0.00599401 0.00814178 -0.111719
AI_survey 2016 21.8764  39 0.011988 0.00775235 0.225738
AI_survey 2016 21.8764  40 0.00599401 0.00742436 -0.0778805
AI_survey 2016 21.8764  41 0 0.0071661 -0.397091
AI_survey 2016 21.8764  42 0.002997 0.00698096 -0.223644
AI_survey 2016 21.8764  43 0.000999001 0.0068698 -0.332197
AI_survey 2016 21.8764  44 0 0.00683084 -0.387613
AI_survey 2016 21.8764  45 0.023976 0.0778503 -0.940401
AI_survey 2018 22.3793  3 0.002997 0.00295648 0.00352483
AI_survey 2018 22.3793  4 0.002997 0.00371421 -0.0557004
AI_survey 2018 22.3793  5 0.001998 0.00470052 -0.186717
AI_survey 2018 22.3793  6 0.016983 0.022564 -0.177741
AI_survey 2018 22.3793  7 0.028971 0.0412782 -0.292633
AI_survey 2018 22.3793  8 0.0719281 0.0288618 1.2167
AI_survey 2018 22.3793  9 0.034965 0.0201149 0.500269
AI_survey 2018 22.3793  10 0.017982 0.020352 -0.0793813
AI_survey 2018 22.3793  11 0.030969 0.0236951 0.226195
AI_survey 2018 22.3793  12 0.045954 0.0280593 0.512527
AI_survey 2018 22.3793  13 0.035964 0.0341105 0.0482997
AI_survey 2018 22.3793  14 0.0709291 0.0423678 0.670711
AI_survey 2018 22.3793  15 0.112887 0.0512862 1.321
AI_survey 2018 22.3793  16 0.0909091 0.0584392 0.654775
AI_survey 2018 22.3793  17 0.0739261 0.0621489 0.230753
AI_survey 2018 22.3793  18 0.0939061 0.061803 0.630646
AI_survey 2018 22.3793  19 0.0579421 0.0577887 0.00310965
AI_survey 2018 22.3793  20 0.0679321 0.0512881 0.356915
AI_survey 2018 22.3793  21 0.030969 0.0437545 -0.295664
AI_survey 2018 22.3793  22 0.016983 0.0363781 -0.489986
AI_survey 2018 22.3793  23 0.00899101 0.0298559 -0.579877
AI_survey 2018 22.3793  24 0.00599401 0.0244483 -0.565177
AI_survey 2018 22.3793  25 0.001998 0.0201464 -0.610909
AI_survey 2018 22.3793  26 0 0.0168183 -0.618545
AI_survey 2018 22.3793  27 0 0.0142979 -0.569557
AI_survey 2018 22.3793  28 0.00999001 0.0124254 -0.103964
AI_survey 2018 22.3793  29 0 0.0110594 -0.500046
AI_survey 2018 22.3793  30 0 0.0100762 -0.477043
AI_survey 2018 22.3793  31 0.004995 0.00936889 -0.214665
AI_survey 2018 22.3793  32 0 0.0088466 -0.446682
AI_survey 2018 22.3793  33 0.010989 0.00843471 0.132052
AI_survey 2018 22.3793  34 0.000999001 0.00807795 -0.373884
AI_survey 2018 22.3793  35 0.001998 0.00774012 -0.309764
AI_survey 2018 22.3793  36 0.000999001 0.0074038 -0.353203
AI_survey 2018 22.3793  37 0.00699301 0.00706609 -0.00412471
AI_survey 2018 22.3793  38 0.003996 0.00673377 -0.158248
AI_survey 2018 22.3793  39 0.00799201 0.00642005 0.0930375
AI_survey 2018 22.3793  40 0 0.006139 -0.371499
AI_survey 2018 22.3793  41 0.001998 0.00590463 -0.241018
AI_survey 2018 22.3793  42 0.000999001 0.00572784 -0.296178
AI_survey 2018 22.3793  43 0.001998 0.00561705 -0.228877
AI_survey 2018 22.3793  44 0.001998 0.00557671 -0.227137
AI_survey 2018 22.3793  45 0.018981 0.0661537 -0.897777
AI_survey 2022 30.1744  3 0 0.00148847 -0.211378
AI_survey 2022 30.1744  4 0 0.00173435 -0.228306
AI_survey 2022 30.1744  5 0 0.00280588 -0.290866
AI_survey 2022 30.1744  6 0.001998 0.00500595 -0.233886
AI_survey 2022 30.1744  7 0.004995 0.0075491 -0.161983
AI_survey 2022 30.1744  8 0.00599401 0.0102679 -0.232773
AI_survey 2022 30.1744  9 0.024975 0.0246406 0.011846
AI_survey 2022 30.1744  10 0.03996 0.0565352 -0.394202
AI_survey 2022 30.1744  11 0.043956 0.0718596 -0.593474
AI_survey 2022 30.1744  12 0.0729271 0.0630358 0.223554
AI_survey 2022 30.1744  13 0.0729271 0.050484 0.56303
AI_survey 2022 30.1744  14 0.047952 0.0437738 0.112171
AI_survey 2022 30.1744  15 0.0509491 0.0418108 0.250762
AI_survey 2022 30.1744  16 0.040959 0.0422651 -0.0356558
AI_survey 2022 30.1744  17 0.04995 0.0440505 0.157906
AI_survey 2022 30.1744  18 0.0589411 0.0463767 0.328152
AI_survey 2022 30.1744  19 0.048951 0.0482124 0.0189389
AI_survey 2022 30.1744  20 0.0739261 0.04862 0.646276
AI_survey 2022 30.1744  21 0.0599401 0.0471291 0.332044
AI_survey 2022 30.1744  22 0.0589411 0.0438134 0.405945
AI_survey 2022 30.1744  23 0.037962 0.0391538 -0.0337489
AI_survey 2022 30.1744  24 0.0599401 0.0338138 0.793884
AI_survey 2022 30.1744  25 0.043956 0.0284226 0.513383
AI_survey 2022 30.1744  26 0.031968 0.0234393 0.309592
AI_survey 2022 30.1744  27 0.014985 0.0191167 -0.1657
AI_survey 2022 30.1744  28 0.00999001 0.015538 -0.246333
AI_survey 2022 30.1744  29 0.003996 0.0126756 -0.426026
AI_survey 2022 30.1744  30 0.002997 0.0104445 -0.402216
AI_survey 2022 30.1744  31 0.001998 0.00874071 -0.397686
AI_survey 2022 30.1744  32 0.004995 0.00746157 -0.157338
AI_survey 2022 30.1744  33 0.00599401 0.00651377 -0.0354645
AI_survey 2022 30.1744  34 0.000999001 0.00581717 -0.347729
AI_survey 2022 30.1744  35 0 0.00530422 -0.400754
AI_survey 2022 30.1744  36 0 0.00492066 -0.38589
AI_survey 2022 30.1744  37 0.002997 0.00462431 -0.131615
AI_survey 2022 30.1744  38 0.001998 0.00438446 -0.198188
AI_survey 2022 30.1744  39 0.000999001 0.00418215 -0.270626
AI_survey 2022 30.1744  40 0 0.00400758 -0.348011
AI_survey 2022 30.1744  41 0.002997 0.00385934 -0.076299
AI_survey 2022 30.1744  42 0.001998 0.00374134 -0.156647
AI_survey 2022 30.1744  43 0 0.00366099 -0.332525
AI_survey 2022 30.1744  44 0.000999001 0.00362615 -0.239759
AI_survey 2022 30.1744  45 0.00999001 0.0450923 -0.92913
fishery 2004 3.81434  3 0 0.000587193 -0.0469422
fishery 2004 3.81434  4 0 0.000991719 -0.061227
fishery 2004 3.81434  5 0 0.00166914 -0.0796205
fishery 2004 3.81434  6 0 0.00226792 -0.0929103
fishery 2004 3.81434  7 0 0.00275205 -0.102412
fishery 2004 3.81434  8 0 0.0036223 -0.117596
fishery 2004 3.81434  9 0.00258234 0.00511074 -0.0691836
fishery 2004 3.81434  10 0 0.00730159 -0.167384
fishery 2004 3.81434  11 0.00106821 0.0102402 -0.177846
fishery 2004 3.81434  12 0 0.0138645 -0.231494
fishery 2004 3.81434  13 0 0.0179732 -0.264145
fishery 2004 3.81434  14 0 0.0222767 -0.294735
fishery 2004 3.81434  15 0 0.0264907 -0.322112
fishery 2004 3.81434  16 0.0118226 0.0304101 -0.211378
fishery 2004 3.81434  17 0 0.0339258 -0.365938
fishery 2004 3.81434  18 0.0126022 0.0369629 -0.252139
fishery 2004 3.81434  19 0.0108098 0.039385 -0.286884
fishery 2004 3.81434  20 0.0214212 0.040972 -0.192604
fishery 2004 3.81434  21 0.0377729 0.0415147 -0.0366305
fishery 2004 3.81434  22 0.0341823 0.0409435 -0.0666297
fishery 2004 3.81434  23 0.0717778 0.0393873 0.32518
fishery 2004 3.81434  24 0.0652171 0.0371345 0.290015
fishery 2004 3.81434  25 0.0436739 0.0345435 0.0976318
fishery 2004 3.81434  26 0.0522565 0.0319478 0.225506
fishery 2004 3.81434  27 0.0500728 0.029592 0.236006
fishery 2004 3.81434  28 0.0618356 0.0276081 0.407914
fishery 2004 3.81434  29 0.0552072 0.0260242 0.357927
fishery 2004 3.81434  30 0.0690887 0.0247933 0.556247
fishery 2004 3.81434  31 0.0118891 0.0238283 -0.152858
fishery 2004 3.81434  32 0.0267773 0.023031 0.0487661
fishery 2004 3.81434  33 0.0221968 0.0223101 -0.00149892
fishery 2004 3.81434  34 0.0169006 0.0215927 -0.0630322
fishery 2004 3.81434  35 0.0502509 0.0208274 0.402305
fishery 2004 3.81434  36 0.0101832 0.0199855 -0.136761
fishery 2004 3.81434  37 0.0369172 0.019059 0.255015
fishery 2004 3.81434  38 0.00413672 0.0180561 -0.204106
fishery 2004 3.81434  39 0 0.0169997 -0.256761
fishery 2004 3.81434  40 0.00629465 0.015922 -0.150165
fishery 2004 3.81434  41 0.0237503 0.0148611 0.143435
fishery 2004 3.81434  42 0.0495828 0.0138574 0.596653
fishery 2004 3.81434  43 0.0162524 0.0129504 0.0570195
fishery 2004 3.81434  44 0.019577 0.0121744 0.131782
fishery 2004 3.81434  45 0.1039 0.114252 -0.063554
fishery 2005 2.7548  3 0 0.000686452 -0.0431878
fishery 2005 2.7548  4 0 0.00105614 -0.0537144
fishery 2005 2.7548  5 0 0.00174327 -0.0691619
fishery 2005 2.7548  6 0 0.00284865 -0.0885576
fishery 2005 2.7548  7 0.000173651 0.00383993 -0.0982612
fishery 2005 2.7548  8 0.000115768 0.0047263 -0.111457
fishery 2005 2.7548  9 0 0.00617819 -0.130759
fishery 2005 2.7548  10 1.24891e-006 0.0084901 -0.153474
fishery 2005 2.7548  11 0.000144709 0.0116343 -0.177761
fishery 2005 2.7548  12 0.00541213 0.0154066 -0.134643
fishery 2005 2.7548  13 9.01571e-007 0.0194583 -0.233741
fishery 2005 2.7548  14 0 0.0234093 -0.256917
fishery 2005 2.7548  15 0.0092199 0.0269893 -0.181964
fishery 2005 2.7548  16 0.00270562 0.0300943 -0.266036
fishery 2005 2.7548  17 0.00674698 0.0327518 -0.242465
fishery 2005 2.7548  18 0.00558982 0.0350379 -0.265778
fishery 2005 2.7548  19 0.0177079 0.0369797 -0.169477
fishery 2005 2.7548  20 0.0475105 0.0384848 0.0778664
fishery 2005 2.7548  21 0.0251868 0.0393605 -0.120967
fishery 2005 2.7548  22 0.0508719 0.0394198 0.0976683
fishery 2005 2.7548  23 0.0506716 0.038596 0.104035
fishery 2005 2.7548  24 0.029026 0.036988 -0.0700109
fishery 2005 2.7548  25 0.158801 0.0348308 1.12207
fishery 2005 2.7548  26 0.0556367 0.0324179 0.217562
fishery 2005 2.7548  27 0.0699268 0.0300242 0.388026
fishery 2005 2.7548  28 0.0282553 0.0278524 0.00406359
fishery 2005 2.7548  29 0.0157476 0.0260119 -0.107012
fishery 2005 2.7548  30 0.0515345 0.0245255 0.289768
fishery 2005 2.7548  31 0.0135525 0.0233535 -0.107691
fishery 2005 2.7548  32 0.0115251 0.0224219 -0.122134
fishery 2005 2.7548  33 0.026611 0.0216454 0.0566233
fishery 2005 2.7548  34 0.0231715 0.0209444 0.0258072
fishery 2005 2.7548  35 0 0.0202542 -0.238584
fishery 2005 2.7548  36 1.27017e-006 0.0195292 -0.234171
fishery 2005 2.7548  37 0.0222895 0.0187438 0.0433821
fishery 2005 2.7548  38 0.0157476 0.0178902 -0.0268217
fishery 2005 2.7548  39 0.0157476 0.0169778 -0.0158004
fishery 2005 2.7548  40 0.0092199 0.0160283 -0.0899546
fishery 2005 2.7548  41 0.0176711 0.0150735 0.0353734
fishery 2005 2.7548  42 0.0550387 0.0141506 0.574377
fishery 2005 2.7548  43 1.35511e-006 0.0132991 -0.192601
fishery 2005 2.7548  44 0.00500731 0.0125555 -0.112472
fishery 2005 2.7548  45 0.153429 0.11729 0.186404
fishery 2007 3.51767  3 0 0.000459098 -0.0397652
fishery 2007 3.51767  4 0.00252591 0.000999226 0.0901783
fishery 2007 3.51767  5 0 0.00199939 -0.0837394
fishery 2007 3.51767  6 0 0.00318534 -0.105857
fishery 2007 3.51767  7 0.0038026 0.00525428 -0.0376251
fishery 2007 3.51767  8 0 0.00812645 -0.169662
fishery 2007 3.51767  9 0.0126982 0.0106939 0.0365312
fishery 2007 3.51767  10 0.00317317 0.0130971 -0.163653
fishery 2007 3.51767  11 0 0.0162317 -0.240842
fishery 2007 3.51767  12 0.0113888 0.0201695 -0.117119
fishery 2007 3.51767  13 0.00748995 0.0242787 -0.204542
fishery 2007 3.51767  14 0 0.027836 -0.317311
fishery 2007 3.51767  15 0 0.0304165 -0.332139
fishery 2007 3.51767  16 0 0.0319944 -0.340926
fishery 2007 3.51767  17 0.0102095 0.0328256 -0.238024
fishery 2007 3.51767  18 0 0.0332541 -0.347801
fishery 2007 3.51767  19 0.0060667 0.0335668 -0.286325
fishery 2007 3.51767  20 0.00778365 0.0339201 -0.270756
fishery 2007 3.51767  21 0.0122053 0.0343143 -0.227762
fishery 2007 3.51767  22 0 0.0346136 -0.355091
fishery 2007 3.51767  23 0.038923 0.0346151 0.0441922
fishery 2007 3.51767  24 0.0266989 0.0341431 -0.0768744
fishery 2007 3.51767  25 0.10199 0.0331261 0.721578
fishery 2007 3.51767  26 0.0246689 0.0316172 -0.0744653
fishery 2007 3.51767  27 0.0630828 0.0297672 0.367618
fishery 2007 3.51767  28 0.0790778 0.027771 0.585526
fishery 2007 3.51767  29 0.0540561 0.0258136 0.333966
fishery 2007 3.51767  30 0.0464818 0.0240324 0.27487
fishery 2007 3.51767  31 0.0539423 0.0225028 0.397496
fishery 2007 3.51767  32 0.0329964 0.0212421 0.152858
fishery 2007 3.51767  33 0.0102095 0.0202235 -0.133394
fishery 2007 3.51767  34 0.0335816 0.0193951 0.192885
fishery 2007 3.51767  35 0.0559148 0.0186956 0.515239
fishery 2007 3.51767  36 0.0075475 0.0180667 -0.148086
fishery 2007 3.51767  37 0.00687419 0.0174602 -0.151544
fishery 2007 3.51767  38 0.0315879 0.0168416 0.214874
fishery 2007 3.51767  39 0.0161305 0.0161927 -0.000924097
fishery 2007 3.51767  40 0.00728577 0.0155108 -0.124798
fishery 2007 3.51767  41 0.00821856 0.0148073 -0.102279
fishery 2007 3.51767  42 0.0172881 0.0141048 0.050611
fishery 2007 3.51767  43 0.0178699 0.0134337 0.0722464
fishery 2007 3.51767  44 0.0153297 0.0128267 0.041703
fishery 2007 3.51767  45 0.172901 0.120574 0.301374
fishery 2008 3.13624  3 0 0.000464654 -0.0377788
fishery 2008 3.13624  4 0 0.000823143 -0.0505244
fishery 2008 3.13624  5 0 0.00174865 -0.0739094
fishery 2008 3.13624  6 0.00674191 0.00336051 0.103321
fishery 2008 3.13624  7 0 0.00545107 -0.13099
fishery 2008 3.13624  8 0.00395625 0.00889627 -0.0931168
fishery 2008 3.13624  9 0.0515825 0.0132939 0.591825
fishery 2008 3.13624  10 0.0144434 0.0171122 -0.0364325
fishery 2008 3.13624  11 0.00762918 0.0204319 -0.160225
fishery 2008 3.13624  12 0.139562 0.0240644 1.33442
fishery 2008 3.13624  13 0.0211171 0.0278821 -0.0727579
fishery 2008 3.13624  14 0.0274052 0.0311381 -0.0380551
fishery 2008 3.13624  15 0.0222363 0.0332539 -0.108806
fishery 2008 3.13624  16 0 0.0341335 -0.332871
fishery 2008 3.13624  17 0.00388178 0.0340706 -0.294664
fishery 2008 3.13624  18 0.00674191 0.0335084 -0.263365
fishery 2008 3.13624  19 0 0.0328442 -0.326303
fishery 2008 3.13624  20 0.00556024 0.0323335 -0.268011
fishery 2008 3.13624  21 0.0319091 0.0320686 -0.00160325
fishery 2008 3.13624  22 0.0256785 0.0319916 -0.0635219
fishery 2008 3.13624  23 0.0563596 0.0319359 0.245957
fishery 2008 3.13624  24 0 0.0316945 -0.320349
fishery 2008 3.13624  25 0.0186369 0.0311016 -0.127141
fishery 2008 3.13624  26 0.0598958 0.0300864 0.308985
fishery 2008 3.13624  27 0.0217774 0.028686 -0.0732841
fishery 2008 3.13624  28 0.0210966 0.0270202 -0.0646865
fishery 2008 3.13624  29 0.0403326 0.0252459 0.170284
fishery 2008 3.13624  30 0.0267316 0.0235124 0.0376166
fishery 2008 3.13624  31 0.0283586 0.0219318 0.0776928
fishery 2008 3.13624  32 0.0417588 0.0205668 0.264365
fishery 2008 3.13624  33 0.0811227 0.0194317 0.791265
fishery 2008 3.13624  34 0.0206927 0.0185058 0.0287287
fishery 2008 3.13624  35 0.0159094 0.0177464 -0.0246341
fishery 2008 3.13624  36 1.78219e-006 0.017103 -0.233516
fishery 2008 3.13624  37 0.00891624 0.0165271 -0.105688
fishery 2008 3.13624  38 0.0281761 0.0159777 0.172232
fishery 2008 3.13624  39 0.0165947 0.0154274 0.0167665
fishery 2008 3.13624  40 0.0187236 0.0148624 0.0564915
fishery 2008 3.13624  41 0.0123659 0.0142831 -0.0286042
fishery 2008 3.13624  42 0.0198458 0.0137023 0.0935533
fishery 2008 3.13624  43 0.0233316 0.0131426 0.158383
fishery 2008 3.13624  44 0 0.0126309 -0.200222
fishery 2008 3.13624  45 0.0709257 0.120007 -0.267461
fishery 2009 3.81434  3 0 0.000518584 -0.0440643
fishery 2009 3.81434  4 0 0.000811124 -0.0553059
fishery 2009 3.81434  5 0 0.00142712 -0.0735761
fishery 2009 3.81434  6 0 0.00300369 -0.107022
fishery 2009 3.81434  7 0 0.00561234 -0.146595
fishery 2009 3.81434  8 0.0186682 0.00916816 0.194563
fishery 2009 3.81434  9 0.0560747 0.0146289 0.673967
fishery 2009 3.81434  10 0.178831 0.0209819 2.15047
fishery 2009 3.81434  11 0.173888 0.0261077 1.8097
fishery 2009 3.81434  12 0.0547113 0.0298856 0.284707
fishery 2009 3.81434  13 0.00966684 0.033048 -0.25541
fishery 2009 3.81434  14 0 0.0355467 -0.374895
fishery 2009 3.81434  15 0.0221947 0.0369223 -0.152515
fishery 2009 3.81434  16 0 0.0369974 -0.382759
fishery 2009 3.81434  17 0.00543713 0.0360196 -0.320495
fishery 2009 3.81434  18 0.00386611 0.0344613 -0.32753
fishery 2009 3.81434  19 0.0176998 0.0327899 -0.165466
fishery 2009 3.81434  20 0.00960382 0.0313379 -0.243592
fishery 2009 3.81434  21 0.00991859 0.0302694 -0.23195
fishery 2009 3.81434  22 0.0167255 0.0295954 -0.148295
fishery 2009 3.81434  23 0.0288376 0.0292057 -0.00426899
fishery 2009 3.81434  24 0.0236189 0.0289136 -0.0617015
fishery 2009 3.81434  25 0.0419442 0.0285188 0.157499
fishery 2009 3.81434  26 0.0203477 0.0278685 -0.0892234
fishery 2009 3.81434  27 0.0552825 0.0268961 0.342623
fishery 2009 3.81434  28 0.0287424 0.0256269 0.0384973
fishery 2009 3.81434  29 0.0313789 0.0241548 0.0918789
fishery 2009 3.81434  30 0.0335979 0.0226038 0.144428
fishery 2009 3.81434  31 0.0385178 0.0210934 0.236768
fishery 2009 3.81434  32 0.0328268 0.0197143 0.184171
fishery 2009 3.81434  33 0.00543713 0.0185169 -0.189439
fishery 2009 3.81434  34 0.0127585 0.0175143 -0.0707869
fishery 2009 3.81434  35 0.00728983 0.0166898 -0.143264
fishery 2009 3.81434  36 0.0058225 0.0160098 -0.15847
fishery 2009 3.81434  37 1.29008e-006 0.0154334 -0.244424
fishery 2009 3.81434  38 0.00921816 0.0149207 -0.0918339
fishery 2009 3.81434  39 0.0058225 0.0144395 -0.141027
fishery 2009 3.81434  40 0.0054341 0.0139685 -0.141974
fishery 2009 3.81434  41 0.00288871 0.0134988 -0.179504
fishery 2009 3.81434  42 0 0.0130338 -0.224352
fishery 2009 3.81434  43 5.35237e-006 0.012587 -0.220327
fishery 2009 3.81434  44 0 0.0121785 -0.216766
fishery 2009 3.81434  45 0.0329414 0.11748 -0.512749
fishery 2011 3.60244  3 0 0.000551215 -0.044175
fishery 2011 3.60244  4 0 0.000893788 -0.0564541
fishery 2011 3.60244  5 0 0.00142411 -0.0714269
fishery 2011 3.60244  6 0.00549495 0.00224123 0.130304
fishery 2011 3.60244  7 0.00549495 0.00412421 0.0405468
fishery 2011 3.60244  8 0.0156632 0.00831207 0.153586
fishery 2011 3.60244  9 0.0213586 0.0146815 0.105334
fishery 2011 3.60244  10 0.0154195 0.0232813 -0.0989325
fishery 2011 3.60244  11 0.0312228 0.0340499 -0.0295831
fishery 2011 3.60244  12 0.0279297 0.0437574 -0.146845
fishery 2011 3.60244  13 0.0763407 0.0491786 0.238387
fishery 2011 3.60244  14 0.0313258 0.0503381 -0.165029
fishery 2011 3.60244  15 0.00904183 0.0488498 -0.350485
fishery 2011 3.60244  16 0.00736903 0.0459527 -0.349717
fishery 2011 3.60244  17 0 0.0423171 -0.39893
fishery 2011 3.60244  18 0 0.0383951 -0.379213
fishery 2011 3.60244  19 0.0274951 0.0345737 -0.0735278
fishery 2011 3.60244  20 0.0225914 0.0311592 -0.0935788
fishery 2011 3.60244  21 0 0.0283393 -0.324087
fishery 2011 3.60244  22 0 0.0261805 -0.311148
fishery 2011 3.60244  23 0.038513 0.0246468 0.16971
fishery 2011 3.60244  24 0.0377999 0.0236241 0.177121
fishery 2011 3.60244  25 0.0375896 0.0229482 0.185548
fishery 2011 3.60244  26 0.0272623 0.022435 0.0618551
fishery 2011 3.60244  27 0.0365757 0.0219175 0.189975
fishery 2011 3.60244  28 0.046535 0.0212778 0.332116
fishery 2011 3.60244  29 0.035282 0.0204635 0.198609
fishery 2011 3.60244  30 0.0277861 0.019484 0.113975
fishery 2011 3.60244  31 0.0389616 0.0183938 0.290447
fishery 2011 3.60244  32 0.0141646 0.017268 -0.0452045
fishery 2011 3.60244  33 0.0176451 0.0161793 0.0220452
fishery 2011 3.60244  34 0.0567914 0.0151839 0.645596
fishery 2011 3.60244  35 0.0216035 0.0143137 0.116444
fishery 2011 3.60244  36 0.0120815 0.0135785 -0.0245409
fishery 2011 3.60244  37 0.0291426 0.0129696 0.271203
fishery 2011 3.60244  38 0.0307418 0.0124668 0.312485
fishery 2011 3.60244  39 0.00545154 0.0120463 -0.11469
fishery 2011 3.60244  40 0.0331644 0.0116851 0.379202
fishery 2011 3.60244  41 0.0320146 0.0113661 0.369551
fishery 2011 3.60244  42 0.0167332 0.0110798 0.102463
fishery 2011 3.60244  43 0.0132734 0.010825 0.0448874
fishery 2011 3.60244  44 0.00672058 0.010607 -0.0719728
fishery 2011 3.60244  45 0.087419 0.106639 -0.118187
fishery 2013 6.78106  3 0 0.000413942 -0.0523633
fishery 2013 6.78106  4 0 0.000813412 -0.0738464
fishery 2013 6.78106  5 0.00225469 0.00143782 0.0559445
fishery 2013 6.78106  6 0.00294676 0.00231926 0.0338966
fishery 2013 6.78106  7 0.00112734 0.00366145 -0.109107
fishery 2013 6.78106  8 0.0041858 0.00597684 -0.0604585
fishery 2013 6.78106  9 2.31179e-007 0.0110553 -0.275197
fishery 2013 6.78106  10 0.0300469 0.0203497 0.178804
fishery 2013 6.78106  11 0.0412483 0.0327964 0.123556
fishery 2013 6.78106  12 0.0621072 0.0468356 0.188199
fishery 2013 6.78106  13 0.100823 0.0596886 0.452104
fishery 2013 6.78106  14 0.191005 0.0671246 1.28905
fishery 2013 6.78106  15 0.0915081 0.0673604 0.250863
fishery 2013 6.78106  16 0.0685939 0.0622367 0.0685195
fishery 2013 6.78106  17 0.0303242 0.0547299 -0.27939
fishery 2013 6.78106  18 0.00530432 0.0469613 -0.512705
fishery 2013 6.78106  19 0.0150658 0.0399346 -0.330693
fishery 2013 6.78106  20 0.00373237 0.033976 -0.434651
fishery 2013 6.78106  21 0.0349589 0.0291192 0.0904263
fishery 2013 6.78106  22 0.0225484 0.0252911 -0.0454802
fishery 2013 6.78106  23 0.0262147 0.0223792 0.0675106
fishery 2013 6.78106  24 0.0183001 0.0202495 -0.0360304
fishery 2013 6.78106  25 0.0346031 0.0187545 0.304147
fishery 2013 6.78106  26 0.0321044 0.0177361 0.283396
fishery 2013 6.78106  27 0.0106098 0.0170321 -0.129215
fishery 2013 6.78106  28 0.0299766 0.0164913 0.275653
fishery 2013 6.78106  29 0.00944049 0.0159896 -0.135918
fishery 2013 6.78106  30 0.00897572 0.0154427 -0.13653
fishery 2013 6.78106  31 0.00737611 0.014812 -0.160241
fishery 2013 6.78106  32 0.0139722 0.0140998 -0.00281684
fishery 2013 6.78106  33 0.0112606 0.0133351 -0.0470794
fishery 2013 6.78106  34 0.0175538 0.0125609 0.116698
fishery 2013 6.78106  35 0.00980144 0.0118189 -0.0485923
fishery 2013 6.78106  36 0.00298415 0.0111428 -0.202307
fishery 2013 6.78106  37 0.00127851 0.0105527 -0.236235
fishery 2013 6.78106  38 0.0069363 0.0100553 -0.0813663
fishery 2013 6.78106  39 0 0.00964787 -0.25689
fishery 2013 6.78106  40 0.00658258 0.00932113 -0.0741716
fishery 2013 6.78106  41 0.00484917 0.00906421 -0.115751
fishery 2013 6.78106  42 0.00217091 0.00886708 -0.185899
fishery 2013 6.78106  43 0.00537191 0.00872316 -0.0937939
fishery 2013 6.78106  44 7.45851e-007 0.00862903 -0.242787
fishery 2013 6.78106  45 0.031855 0.091213 -0.536843
fishery 2015 5.34008  3 0 0.000875137 -0.0680044
fishery 2015 5.34008  4 0 0.00517941 -0.166581
fishery 2015 5.34008  5 0 0.00241191 -0.113392
fishery 2015 5.34008  6 0 0.00221583 -0.108655
fishery 2015 5.34008  7 7.42145e-007 0.00362723 -0.139209
fishery 2015 5.34008  8 0 0.0058271 -0.176766
fishery 2015 5.34008  9 0.0102453 0.0091047 0.0277336
fishery 2015 5.34008  10 0.00796838 0.0147903 -0.130552
fishery 2015 5.34008  11 0.00794654 0.0252399 -0.254728
fishery 2015 5.34008  12 0.0584908 0.0402523 0.214406
fishery 2015 5.34008  13 0.0826841 0.0562573 0.265012
fishery 2015 5.34008  14 0.127234 0.0695226 0.524312
fishery 2015 5.34008  15 0.063443 0.0770334 -0.117774
fishery 2015 5.34008  16 0.140458 0.0771953 0.547706
fishery 2015 5.34008  17 0.125322 0.0710344 0.488331
fishery 2015 5.34008  18 0.0876046 0.0613977 0.252256
fishery 2015 5.34008  19 0.0441704 0.0510618 -0.0723389
fishery 2015 5.34008  20 0.0281566 0.0417053 -0.156594
fishery 2015 5.34008  21 0.0184065 0.0339601 -0.19841
fishery 2015 5.34008  22 0.00858945 0.0278539 -0.270487
fishery 2015 5.34008  23 0 0.0231758 -0.355871
fishery 2015 5.34008  24 0.0139759 0.0196663 -0.0946799
fishery 2015 5.34008  25 0.0066185 0.0170878 -0.186623
fishery 2015 5.34008  26 0.0076699 0.0152371 -0.142709
fishery 2015 5.34008  27 0.0126125 0.0139389 -0.0261356
fishery 2015 5.34008  28 0.0200574 0.0130385 0.142928
fishery 2015 5.34008  29 0.0125877 0.0123993 0.00393437
fishery 2015 5.34008  30 0.00694386 0.0119048 -0.105657
fishery 2015 5.34008  31 0.0145648 0.0114659 0.067235
fishery 2015 5.34008  32 0.00346787 0.0110243 -0.167158
fishery 2015 5.34008  33 0.00678607 0.0105515 -0.0851194
fishery 2015 5.34008  34 0.0107062 0.0100453 0.0153061
fishery 2015 5.34008  35 0 0.00952048 -0.226441
fishery 2015 5.34008  36 1.17e-006 0.00900094 -0.220083
fishery 2015 5.34008  37 0 0.00851096 -0.213977
fishery 2015 5.34008  38 0.00460861 0.00806992 -0.0893456
fishery 2015 5.34008  39 0.00754579 0.00769156 -0.00385344
fishery 2015 5.34008  40 0 0.00738202 -0.199149
fishery 2015 5.34008  41 0 0.00714308 -0.195872
fishery 2015 5.34008  42 0.0108599 0.0069727 0.107874
fishery 2015 5.34008  43 5.08282e-006 0.00686802 -0.191889
fishery 2015 5.34008  44 0.00246776 0.00682522 -0.122214
fishery 2015 5.34008  45 0.0478003 0.0759341 -0.245418
fishery 2017 6.61153  3 0 0.000383344 -0.0497094
fishery 2017 6.61153  4 0.00481346 0.00056897 0.453705
fishery 2017 6.61153  5 0 0.0040415 -0.163594
fishery 2017 6.61153  6 0 0.00968518 -0.254154
fishery 2017 6.61153  7 0.00595499 0.00673347 -0.0244583
fishery 2017 6.61153  8 0.00590047 0.00621142 -0.0101682
fishery 2017 6.61153  9 0.0118548 0.00906563 0.0756239
fishery 2017 6.61153  10 0.00618467 0.0138095 -0.167941
fishery 2017 6.61153  11 0.0179061 0.0204306 -0.0458746
fishery 2017 6.61153  12 0.0132116 0.0302852 -0.256135
fishery 2017 6.61153  13 0.018011 0.0441729 -0.327345
fishery 2017 6.61153  14 0.0722997 0.05949 0.139236
fishery 2017 6.61153  15 0.155192 0.0719482 0.828282
fishery 2017 6.61153  16 0.1102 0.0787193 0.300556
fishery 2017 6.61153  17 0.109248 0.0789781 0.28857
fishery 2017 6.61153  18 0.123927 0.0735292 0.496468
fishery 2017 6.61153  19 0.113373 0.0643766 0.513298
fishery 2017 6.61153  20 0.0713832 0.053854 0.199658
fishery 2017 6.61153  21 0.0372546 0.0437698 -0.0818764
fishery 2017 6.61153  22 0.0294841 0.0350913 -0.0783427
fishery 2017 6.61153  23 0.0209824 0.0281006 -0.110733
fishery 2017 6.61153  24 0.00658802 0.0226919 -0.277995
fishery 2017 6.61153  25 0.00405266 0.0186127 -0.276932
fishery 2017 6.61153  26 0.00604997 0.0155922 -0.197981
fishery 2017 6.61153  27 0 0.013392 -0.299461
fishery 2017 6.61153  28 0 0.0118151 -0.281041
fishery 2017 6.61153  29 0.00477355 0.0107006 -0.148054
fishery 2017 6.61153  30 0.00630238 0.00991391 -0.0936843
fishery 2017 6.61153  31 0 0.00934417 -0.249592
fishery 2017 6.61153  32 0.00604997 0.00890279 -0.0780482
fishery 2017 6.61153  33 0.00569779 0.00852327 -0.0789851
fishery 2017 6.61153  34 0 0.00816304 -0.233127
fishery 2017 6.61153  35 0.002455 0.00780013 -0.156129
fishery 2017 6.61153  36 0.00608078 0.00743074 -0.040391
fishery 2017 6.61153  37 0.00604997 0.0070624 -0.031065
fishery 2017 6.61153  38 0.000684699 0.00670824 -0.1896
fishery 2017 6.61153  39 1.80247e-006 0.00638395 -0.205886
fishery 2017 6.61153  40 0 0.00610259 -0.201319
fishery 2017 6.61153  41 0 0.00587518 -0.197503
fishery 2017 6.61153  42 0 0.00570847 -0.19466
fishery 2017 6.61153  43 0 0.00560688 -0.192907
fishery 2017 6.61153  44 0.0028634 0.00557138 -0.0934634
fishery 2017 6.61153  45 0.0151692 0.0648536 -0.51872
fishery 2019 8.5187  3 0.00147404 0.000315725 0.187352
fishery 2019 8.5187  4 0.00382953 0.000656131 0.358985
fishery 2019 8.5187  5 0.00646762 0.0010174 0.496541
fishery 2019 8.5187  6 0.00974668 0.00225329 0.460242
fishery 2019 8.5187  7 0.025002 0.0121042 0.344113
fishery 2019 8.5187  8 0.0306022 0.0202276 0.215041
fishery 2019 8.5187  9 0.0679038 0.0173864 1.12774
fishery 2019 8.5187  10 0.0281009 0.0167563 0.257886
fishery 2019 8.5187  11 0.0461627 0.0213799 0.499953
fishery 2019 8.5187  12 0.0681601 0.0287499 0.688237
fishery 2019 8.5187  13 0.0434373 0.0374193 0.0925382
fishery 2019 8.5187  14 0.072861 0.0474579 0.348686
fishery 2019 8.5187  15 0.0760717 0.0583098 0.221215
fishery 2019 8.5187  16 0.088758 0.0676772 0.244929
fishery 2019 8.5187  17 0.0995455 0.0731553 0.295784
fishery 2019 8.5187  18 0.106371 0.0737211 0.364645
fishery 2019 8.5187  19 0.0584513 0.0697326 -0.129269
fishery 2019 8.5187  20 0.046436 0.062424 -0.192872
fishery 2019 8.5187  21 0.0191629 0.0533994 -0.444412
fishery 2019 8.5187  22 0.00939059 0.0441409 -0.49372
fishery 2019 8.5187  23 0.00665175 0.0356778 -0.456674
fishery 2019 8.5187  24 0.00543851 0.0285175 -0.404628
fishery 2019 8.5187  25 8.89872e-007 0.0227685 -0.445395
fishery 2019 8.5187  26 0.00730587 0.0183127 -0.239536
fishery 2019 8.5187  27 0.00020237 0.0149416 -0.354477
fishery 2019 8.5187  28 0.00740494 0.0124368 -0.132466
fishery 2019 8.5187  29 0.00261074 0.0106039 -0.22766
fishery 2019 8.5187  30 0.00405858 0.0092802 -0.158857
fishery 2019 8.5187  31 0.00684432 0.00833265 -0.0477586
fishery 2019 8.5187  32 0.000541568 0.00765334 -0.238027
fishery 2019 8.5187  33 0 0.00715451 -0.247591
fishery 2019 8.5187  34 0.0100528 0.00676832 0.116834
fishery 2019 8.5187  35 0.000203224 0.00644492 -0.227484
fishery 2019 8.5187  36 0.00525431 0.00615258 -0.0335006
fishery 2019 8.5187  37 0.00392695 0.00587465 -0.0743243
fishery 2019 8.5187  38 1.05975e-006 0.0056061 -0.218913
fishery 2019 8.5187  39 0.00159217 0.00535141 -0.15025
fishery 2019 8.5187  40 0.00156586 0.00511907 -0.145179
fishery 2019 8.5187  41 6.41958e-007 0.00492062 -0.205009
fishery 2019 8.5187  42 0.00308592 0.0047666 -0.0711465
fishery 2019 8.5187  43 0.00166849 0.00466668 -0.128261
fishery 2019 8.5187  44 0.000782032 0.00462715 -0.165189
fishery 2019 8.5187  45 0.0228721 0.055738 -0.418093
fishery 2020 9.49348  3 0 0.000221211 -0.0448297
fishery 2020 9.49348  4 0.00368721 0.000537207 0.415017
fishery 2020 9.49348  5 0.0245371 0.00106682 2.20493
fishery 2020 9.49348  6 0.0267638 0.00167038 1.88771
fishery 2020 9.49348  7 0.0301698 0.00483263 1.12457
fishery 2020 9.49348  8 0.0564973 0.0196706 0.816909
fishery 2020 9.49348  9 0.109248 0.0298503 1.43732
fishery 2020 9.49348  10 0.0355186 0.0272048 0.157435
fishery 2020 9.49348  11 0.0273063 0.0261604 0.0221176
fishery 2020 9.49348  12 0.0527588 0.0307089 0.393725
fishery 2020 9.49348  13 0.0683266 0.0378515 0.491971
fishery 2020 9.49348  14 0.0761511 0.0454605 0.453898
fishery 2020 9.49348  15 0.071555 0.0532426 0.251288
fishery 2020 9.49348  16 0.0490245 0.0607337 -0.151041
fishery 2020 9.49348  17 0.0575142 0.0664154 -0.110134
fishery 2020 9.49348  18 0.0492024 0.0687969 -0.238512
fishery 2020 9.49348  19 0.0585983 0.0673525 -0.107612
fishery 2020 9.49348  20 0.0444586 0.0625225 -0.229876
fishery 2020 9.49348  21 0.0199674 0.0553532 -0.476759
fishery 2020 9.49348  22 0.0348207 0.0471028 -0.178606
fishery 2020 9.49348  23 0.00685781 0.0388864 -0.5104
fishery 2020 9.49348  24 0.0080673 0.0314589 -0.412834
fishery 2020 9.49348  25 0.0182221 0.0251864 -0.136917
fishery 2020 9.49348  26 0.00840774 0.0201362 -0.257204
fishery 2020 9.49348  27 0.00840899 0.0162038 -0.190163
fishery 2020 9.49348  28 0.00560818 0.013214 -0.205148
fishery 2020 9.49348  29 0.00401158 0.010982 -0.205984
fishery 2020 9.49348  30 0.00255665 0.0093403 -0.217172
fishery 2020 9.49348  31 0.00255596 0.00814781 -0.19154
fishery 2020 9.49348  32 0.00384986 0.00728867 -0.124477
fishery 2020 9.49348  33 0.00426333 0.00666785 -0.0909659
fishery 2020 9.49348  34 0 0.00620972 -0.243363
fishery 2020 9.49348  35 0.00919484 0.0058553 0.134751
fishery 2020 9.49348  36 0.00130171 0.00556254 -0.176357
fishery 2020 9.49348  37 0 0.00530407 -0.224784
fishery 2020 9.49348  38 0.000600512 0.00506505 -0.193586
fishery 2020 9.49348  39 0.00293531 0.00484184 -0.0845396
fishery 2020 9.49348  40 0.00130125 0.00463734 -0.151133
fishery 2020 9.49348  41 0 0.00445992 -0.205998
fishery 2020 9.49348  42 0.000599798 0.00431918 -0.174551
fishery 2020 9.49348  43 0 0.00422523 -0.200469
fishery 2020 9.49348  44 0.00112013 0.00418589 -0.146134
fishery 2020 9.49348  45 0.0140316 0.0510669 -0.518323
fishery 2021 16.8255  3 0 0.000174654 -0.0527257
fishery 2021 16.8255  4 0 0.000381387 -0.0790918
fishery 2021 16.8255  5 0.0329904 0.000891849 4.3863
fishery 2021 16.8255  6 0.0330771 0.00171647 3.0986
fishery 2021 16.8255  7 0.0340585 0.00282267 2.41077
fishery 2021 16.8255  8 0.0482985 0.00963836 1.62228
fishery 2021 16.8255  9 0.0739455 0.0305571 1.03388
fishery 2021 16.8255  10 0.0847879 0.0432477 0.837574
fishery 2021 16.8255  11 0.0663357 0.0406728 0.532848
fishery 2021 16.8255  12 0.0422616 0.0382186 0.0864872
fishery 2021 16.8255  13 0.0498924 0.0409346 0.185424
fishery 2021 16.8255  14 0.0542176 0.0459476 0.162004
fishery 2021 16.8255  15 0.0720051 0.0509535 0.392642
fishery 2021 16.8255  16 0.0735918 0.055575 0.322552
fishery 2021 16.8255  17 0.0628366 0.0595764 0.0564944
fishery 2021 16.8255  18 0.0381874 0.0620616 -0.405865
fishery 2021 16.8255  19 0.0337405 0.0621245 -0.482305
fishery 2021 16.8255  20 0.0496897 0.0594659 -0.169551
fishery 2021 16.8255  21 0.0283287 0.0544448 -0.472099
fishery 2021 16.8255  22 0.016256 0.0478516 -0.60711
fishery 2021 16.8255  23 0.0202513 0.0406173 -0.423144
fishery 2021 16.8255  24 0.0115532 0.0335544 -0.501076
fishery 2021 16.8255  25 0.00567052 0.0272105 -0.542968
fishery 2021 16.8255  26 0.0113985 0.0218482 -0.293143
fishery 2021 16.8255  27 0.00505699 0.0175114 -0.389368
fishery 2021 16.8255  28 0.00557512 0.0141144 -0.29683
fishery 2021 16.8255  29 0.00269944 0.0115158 -0.33881
fishery 2021 16.8255  30 0.00607269 0.00956387 -0.147062
fishery 2021 16.8255  31 0.00790609 0.00811953 -0.00975001
fishery 2021 16.8255  32 0.00194575 0.00706395 -0.250502
fishery 2021 16.8255  33 0.0013036 0.00629783 -0.258754
fishery 2021 16.8255  34 0.00247173 0.00574055 -0.177326
fishery 2021 16.8255  35 0.00140919 0.00532718 -0.220574
fishery 2021 16.8255  36 0.00319822 0.00500843 -0.105081
fishery 2021 16.8255  37 0.00140944 0.00474869 -0.199033
fishery 2021 16.8255  38 0.00300876 0.00452454 -0.0925418
fishery 2021 16.8255  39 0 0.00432434 -0.270014
fishery 2021 16.8255  40 0.00268202 0.00414457 -0.0932683
fishery 2021 16.8255  41 0 0.00398886 -0.259259
fishery 2021 16.8255  42 0.00130356 0.00386414 -0.169074
fishery 2021 16.8255  43 0.0010168 0.0037794 -0.184434
fishery 2021 16.8255  44 0.000142267 0.00374266 -0.241535
fishery 2021 16.8255  45 0.0094239 0.0461322 -0.717723
fishery 2023 17.885  3 0 0.000190977 -0.0569767
fishery 2023 17.885  4 0.00323979 0.000316663 0.684091
fishery 2023 17.885  5 0.00342425 0.00048304 0.560322
fishery 2023 17.885  6 0.040979 0.00102486 5.25523
fishery 2023 17.885  7 0.0369087 0.00227832 3.06507
fishery 2023 17.885  8 0.0482552 0.00417279 2.8886
fishery 2023 17.885  9 0.0423211 0.00850569 1.55635
fishery 2023 17.885  10 0.0641862 0.027915 0.931022
fishery 2023 17.885  11 0.103614 0.0610669 0.751386
fishery 2023 17.885  12 0.0900534 0.0777919 0.193589
fishery 2023 17.885  13 0.0568819 0.0733219 -0.266709
fishery 2023 17.885  14 0.040401 0.0637553 -0.404228
fishery 2023 17.885  15 0.0352113 0.057365 -0.402866
fishery 2023 17.885  16 0.0194045 0.0539412 -0.6465
fishery 2023 17.885  17 0.0437177 0.0519198 -0.15633
fishery 2023 17.885  18 0.0326864 0.0506063 -0.345712
fishery 2023 17.885  19 0.0474564 0.0495704 -0.0411856
fishery 2023 17.885  20 0.0504246 0.0482265 0.0433843
fishery 2023 17.885  21 0.0342272 0.0460316 -0.238204
fishery 2023 17.885  22 0.0492155 0.0427423 0.135324
fishery 2023 17.885  23 0.0330278 0.0384668 -0.119588
fishery 2023 17.885  24 0.0320567 0.0335652 -0.0354152
fishery 2023 17.885  25 0.0207839 0.0284909 -0.195875
fishery 2023 17.885  26 0.00688691 0.0236496 -0.466428
fishery 2023 17.885  27 0.00564454 0.0193192 -0.420043
fishery 2023 17.885  28 0.00452683 0.0156358 -0.378567
fishery 2023 17.885  29 0.00695923 0.0126221 -0.21444
fishery 2023 17.885  30 0.00665244 0.0102287 -0.150242
fishery 2023 17.885  31 0.00154164 0.0083713 -0.316823
fishery 2023 17.885  32 0 0.00695698 -0.353721
fishery 2023 17.885  33 0.00165968 0.00589611 -0.233819
fishery 2023 17.885  34 0.0009285 0.00511 -0.247775
fishery 2023 17.885  35 0.00157111 0.00453137 -0.186196
fishery 2023 17.885  36 0.00386881 0.00410539 -0.015628
fishery 2023 17.885  37 0.00270778 0.00378805 -0.074272
fishery 2023 17.885  38 0.00286747 0.00354544 -0.0481703
fishery 2023 17.885  39 0.00121146 0.00335421 -0.156497
fishery 2023 17.885  40 0.000785542 0.00319932 -0.180482
fishery 2023 17.885  41 0.000899525 0.00307402 -0.16585
fishery 2023 17.885  42 0.00146027 0.00297721 -0.117552
fishery 2023 17.885  43 0.00199573 0.0029123 -0.0718097
fishery 2023 17.885  44 0 0.00288421 -0.227058
fishery 2023 17.885  45 0.0193557 0.0360892 -0.379371
