 index year n comp_unit obs pred pearson
AI_survey 1991 5.78342  3 0.000194647 0.00071523 -0.0465052
AI_survey 1991 5.78342  4 0.000778412 0.00102665 -0.0185509
AI_survey 1991 5.78342  5 0.00122284 0.00146518 -0.0151849
AI_survey 1991 5.78342  6 0.0006653 0.00213079 -0.0762525
AI_survey 1991 5.78342  7 0.00324987 0.00319125 0.00249537
AI_survey 1991 5.78342  8 0.00995889 0.00478043 0.180363
AI_survey 1991 5.78342  9 0.00968454 0.00672062 0.0871763
AI_survey 1991 5.78342  10 0.0188999 0.00852376 0.271281
AI_survey 1991 5.78342  11 0.0192253 0.00996551 0.224079
AI_survey 1991 5.78342  12 0.0101137 0.0112941 -0.0268516
AI_survey 1991 5.78342  13 0.00225851 0.012871 -0.226335
AI_survey 1991 5.78342  14 0.0341212 0.0149317 0.380385
AI_survey 1991 5.78342  15 0.0141437 0.0176257 -0.0636187
AI_survey 1991 5.78342  16 0.0139545 0.0210098 -0.118279
AI_survey 1991 5.78342  17 0.00539036 0.0249538 -0.301559
AI_survey 1991 5.78342  18 0.00861163 0.0291605 -0.293655
AI_survey 1991 5.78342  19 0.016474 0.0332713 -0.225207
AI_survey 1991 5.78342  20 0.0406097 0.0369438 0.0467325
AI_survey 1991 5.78342  21 0.0212907 0.0398945 -0.228574
AI_survey 1991 5.78342  22 0.0312881 0.0419351 -0.127728
AI_survey 1991 5.78342  23 0.0388767 0.0429896 -0.048759
AI_survey 1991 5.78342  24 0.0370146 0.043083 -0.0718667
AI_survey 1991 5.78342  25 0.032465 0.042316 -0.117668
AI_survey 1991 5.78342  26 0.0530222 0.0408344 0.148084
AI_survey 1991 5.78342  27 0.0623946 0.0388054 0.293697
AI_survey 1991 5.78342  28 0.0538427 0.0364014 0.223927
AI_survey 1991 5.78342  29 0.0851207 0.0337847 0.683212
AI_survey 1991 5.78342  30 0.070118 0.0310966 0.540543
AI_survey 1991 5.78342  31 0.0447166 0.0284509 0.235241
AI_survey 1991 5.78342  32 0.0498533 0.0259313 0.36191
AI_survey 1991 5.78342  33 0.0471895 0.0235929 0.373806
AI_survey 1991 5.78342  34 0.0367768 0.0214661 0.253995
AI_survey 1991 5.78342  35 0.0379703 0.0195628 0.31956
AI_survey 1991 5.78342  36 0.0328711 0.0178819 0.271934
AI_survey 1991 5.78342  37 0.0110179 0.0164143 -0.102105
AI_survey 1991 5.78342  38 0.0171297 0.0151466 0.0390355
AI_survey 1991 5.78342  39 0.00673415 0.0140651 -0.14966
AI_survey 1991 5.78342  40 0.0044715 0.0131581 -0.183256
AI_survey 1991 5.78342  41 0.00213719 0.0124169 -0.223155
AI_survey 1991 5.78342  42 0.0061816 0.0118366 -0.125694
AI_survey 1991 5.78342  43 0.00339066 0.0114156 -0.181589
AI_survey 1991 5.78342  44 0 0.0111532 -0.255291
AI_survey 1991 5.78342  45 0.00456953 0.125786 -0.87905
AI_survey 1994 13.8299  3 0 0.000892617 -0.11054
AI_survey 1994 13.8299  4 0 0.00106096 -0.12063
AI_survey 1994 13.8299  5 0 0.00128848 -0.133062
AI_survey 1994 13.8299  6 4.4103e-008 0.00168089 -0.152141
AI_survey 1994 13.8299  7 6.07837e-008 0.00232301 -0.17906
AI_survey 1994 13.8299  8 2.12867e-007 0.00331426 -0.214113
AI_survey 1994 13.8299  9 0.00101335 0.0048403 -0.204849
AI_survey 1994 13.8299  10 0.00107614 0.00713778 -0.267591
AI_survey 1994 13.8299  11 0.00625964 0.0101772 -0.145086
AI_survey 1994 13.8299  12 0.00988276 0.0133732 -0.112962
AI_survey 1994 13.8299  13 0.0148471 0.0159922 -0.0339378
AI_survey 1994 13.8299  14 0.0138645 0.0178269 -0.111331
AI_survey 1994 13.8299  15 0.0343408 0.0192232 0.409339
AI_survey 1994 13.8299  16 0.0217599 0.0206585 0.0287911
AI_survey 1994 13.8299  17 0.0390208 0.02247 0.415208
AI_survey 1994 13.8299  18 0.0288573 0.0248036 0.0969098
AI_survey 1994 13.8299  19 0.0254975 0.0276122 -0.0479848
AI_survey 1994 13.8299  20 0.0315988 0.0306846 0.0197095
AI_survey 1994 13.8299  21 0.0477571 0.0337241 0.289054
AI_survey 1994 13.8299  22 0.00976053 0.0364345 -0.52935
AI_survey 1994 13.8299  23 0.0228623 0.0385764 -0.303407
AI_survey 1994 13.8299  24 0.0315646 0.039993 -0.159946
AI_survey 1994 13.8299  25 0.0261062 0.040618 -0.273355
AI_survey 1994 13.8299  26 0.0424472 0.0404662 0.0373822
AI_survey 1994 13.8299  27 0.0177434 0.0396127 -0.41692
AI_survey 1994 13.8299  28 0.0207996 0.0381719 -0.337125
AI_survey 1994 13.8299  29 0.0207061 0.0362769 -0.309651
AI_survey 1994 13.8299  30 0.0393987 0.0340644 0.109345
AI_survey 1994 13.8299  31 0.0590584 0.0316643 0.581706
AI_survey 1994 13.8299  32 0.0734838 0.0291923 0.978265
AI_survey 1994 13.8299  33 0.0337919 0.0267445 0.162416
AI_survey 1994 13.8299  34 0.0543105 0.0243952 0.720987
AI_survey 1994 13.8299  35 0.0332877 0.0221969 0.279903
AI_survey 1994 13.8299  36 0.0620435 0.0201833 1.10672
AI_survey 1994 13.8299  37 0.0351032 0.0183724 0.463187
AI_survey 1994 13.8299  38 0.025045 0.0167702 0.239576
AI_survey 1994 13.8299  39 0.0296367 0.0153764 0.430859
AI_survey 1994 13.8299  40 0.0115083 0.0141873 -0.0842162
AI_survey 1994 13.8299  41 0.0206918 0.013199 0.244067
AI_survey 1994 13.8299  42 0.00807473 0.0124092 -0.145551
AI_survey 1994 13.8299  43 0.0238838 0.011818 0.415044
AI_survey 1994 13.8299  44 0.00746473 0.0114253 -0.138528
AI_survey 1994 13.8299  45 0.0154511 0.128767 -1.25811
AI_survey 1997 20.8706  3 0 0.00169881 -0.187904
AI_survey 1997 20.8706  4 0 0.0018006 -0.193494
AI_survey 1997 20.8706  5 0 0.00190416 -0.19902
AI_survey 1997 20.8706  6 0 0.00206609 -0.207369
AI_survey 1997 20.8706  7 1.0095e-007 0.00235311 -0.221393
AI_survey 1997 20.8706  8 0.00224275 0.00287021 -0.053489
AI_survey 1997 20.8706  9 0.00373533 0.00375039 -0.0011246
AI_survey 1997 20.8706  10 0.00608094 0.0051293 0.0608001
AI_survey 1997 20.8706  11 0.00778029 0.00717519 0.0327292
AI_survey 1997 20.8706  12 0.000795589 0.010089 -0.424626
AI_survey 1997 20.8706  13 0.00701329 0.013894 -0.268455
AI_survey 1997 20.8706  14 0.0269124 0.0181152 0.301259
AI_survey 1997 20.8706  15 0.0177279 0.0218889 -0.129884
AI_survey 1997 20.8706  16 0.0211829 0.0245699 -0.0999315
AI_survey 1997 20.8706  17 0.019678 0.0261311 -0.184768
AI_survey 1997 20.8706  18 0.020313 0.0270002 -0.188447
AI_survey 1997 20.8706  19 0.0292451 0.0276894 0.0433062
AI_survey 1997 20.8706  20 0.047564 0.0285638 0.520998
AI_survey 1997 20.8706  21 0.0533956 0.0297744 0.634806
AI_survey 1997 20.8706  22 0.0294701 0.0312823 -0.0475508
AI_survey 1997 20.8706  23 0.0117479 0.0329229 -0.542061
AI_survey 1997 20.8706  24 0.0266307 0.0344813 -0.196533
AI_survey 1997 20.8706  25 0.0345445 0.0357554 -0.0297891
AI_survey 1997 20.8706  26 0.0473857 0.0365923 0.262584
AI_survey 1997 20.8706  27 0.0510916 0.0369029 0.343785
AI_survey 1997 20.8706  28 0.0474601 0.0366619 0.26246
AI_survey 1997 20.8706  29 0.0322671 0.0358967 -0.0891217
AI_survey 1997 20.8706  30 0.0394547 0.0346719 0.119417
AI_survey 1997 20.8706  31 0.0368641 0.033075 0.0967814
AI_survey 1997 20.8706  32 0.0347004 0.0312039 0.0918576
AI_survey 1997 20.8706  33 0.0575473 0.0291563 0.770785
AI_survey 1997 20.8706  34 0.0384041 0.0270236 0.320574
AI_survey 1997 20.8706  35 0.0395772 0.0248852 0.43079
AI_survey 1997 20.8706  36 0.0445735 0.0228069 0.665948
AI_survey 1997 20.8706  37 0.0240801 0.0208399 0.1036
AI_survey 1997 20.8706  38 0.0179387 0.0190209 -0.0361853
AI_survey 1997 20.8706  39 0.0320748 0.017376 0.513755
AI_survey 1997 20.8706  40 0.0132547 0.0159229 -0.0973476
AI_survey 1997 20.8706  41 0.00983998 0.0146745 -0.183612
AI_survey 1997 20.8706  42 0.0230118 0.0136407 0.368949
AI_survey 1997 20.8706  43 0.0079477 0.0128302 -0.198122
AI_survey 1997 20.8706  44 0.0095146 0.0122491 -0.113526
AI_survey 1997 20.8706  45 0.0269515 0.133663 -1.43257
AI_survey 2000 17.8532  3 0 0.00355114 -0.251887
AI_survey 2000 17.8532  4 0 0.00404708 -0.269014
AI_survey 2000 17.8532  5 0 0.00408615 -0.270318
AI_survey 2000 17.8532  6 4.27907e-007 0.00388869 -0.263634
AI_survey 2000 17.8532  7 0.000464994 0.00385736 -0.230937
AI_survey 2000 17.8532  8 0.00129896 0.00402475 -0.181685
AI_survey 2000 17.8532  9 0.000676734 0.00436985 -0.236306
AI_survey 2000 17.8532  10 0 0.00498153 -0.298669
AI_survey 2000 17.8532  11 0.00103488 0.00602652 -0.272284
AI_survey 2000 17.8532  12 0.000668179 0.00766823 -0.338846
AI_survey 2000 17.8532  13 0.00849486 0.0100338 -0.0652114
AI_survey 2000 17.8532  14 0.00866706 0.0132331 -0.16877
AI_survey 2000 17.8532  15 0.00752201 0.0172773 -0.316244
AI_survey 2000 17.8532  16 0.0174264 0.0218448 -0.127688
AI_survey 2000 17.8532  17 0.0155786 0.0262062 -0.281046
AI_survey 2000 17.8532  18 0.0128217 0.0295666 -0.417624
AI_survey 2000 17.8532  19 0.0242556 0.0315268 -0.175797
AI_survey 2000 17.8532  20 0.0297142 0.0322231 -0.0600202
AI_survey 2000 17.8532  21 0.0282102 0.0321212 -0.093709
AI_survey 2000 17.8532  22 0.0127299 0.031731 -0.457963
AI_survey 2000 17.8532  23 0.0392006 0.0314228 0.188347
AI_survey 2000 17.8532  24 0.057371 0.0313708 0.630125
AI_survey 2000 17.8532  25 0.0487467 0.0315808 0.414683
AI_survey 2000 17.8532  26 0.0378678 0.0319503 0.142151
AI_survey 2000 17.8532  27 0.0479902 0.0323315 0.374001
AI_survey 2000 17.8532  28 0.0281408 0.0325805 -0.105648
AI_survey 2000 17.8532  29 0.0332951 0.0325853 0.0168898
AI_survey 2000 17.8532  30 0.0692056 0.0322778 0.882712
AI_survey 2000 17.8532  31 0.0440371 0.0316338 0.299385
AI_survey 2000 17.8532  32 0.0549217 0.0306668 0.594317
AI_survey 2000 17.8532  33 0.0420946 0.0294166 0.316976
AI_survey 2000 17.8532  34 0.0164068 0.0279401 -0.295649
AI_survey 2000 17.8532  35 0.0393401 0.0263026 0.344159
AI_survey 2000 17.8532  36 0.0211933 0.0245709 -0.0921656
AI_survey 2000 17.8532  37 0.026186 0.0228085 0.09557
AI_survey 2000 17.8532  38 0.0203446 0.0210718 -0.0213886
AI_survey 2000 17.8532  39 0.0316052 0.0194107 0.37338
AI_survey 2000 17.8532  40 0.0377563 0.0178672 0.634222
AI_survey 2000 17.8532  41 0.0162616 0.0164773 -0.00715637
AI_survey 2000 17.8532  42 0.0217967 0.0152718 0.224743
AI_survey 2000 17.8532  43 0.0134733 0.0142768 -0.0286097
AI_survey 2000 17.8532  44 0.0180727 0.0135121 0.166844
AI_survey 2000 17.8532  45 0.0651275 0.140408 -0.915558
AI_survey 2002 16.5959  3 0.00455685 0.00502995 -0.0272166
AI_survey 2002 16.5959  4 0.0105695 0.00670562 0.192728
AI_survey 2002 16.5959  5 0.000827579 0.00641265 -0.28482
AI_survey 2002 16.5959  6 0.000965466 0.00653292 -0.281317
AI_survey 2002 16.5959  7 1.53849e-006 0.00651481 -0.329562
AI_survey 2002 16.5959  8 0.00164331 0.00629596 -0.239441
AI_survey 2002 16.5959  9 7.00293e-007 0.00624327 -0.322606
AI_survey 2002 16.5959  10 8.21124e-008 0.00644876 -0.327947
AI_survey 2002 16.5959  11 1.69374e-007 0.00692255 -0.339876
AI_survey 2002 16.5959  12 0.00096504 0.00776318 -0.315345
AI_survey 2002 16.5959  13 3.71099e-007 0.00912859 -0.390787
AI_survey 2002 16.5959  14 0.00213861 0.0111599 -0.34969
AI_survey 2002 16.5959  15 0.017013 0.0139566 0.106101
AI_survey 2002 16.5959  16 0.0104744 0.0175544 -0.219565
AI_survey 2002 16.5959  17 0.00888602 0.0217987 -0.360155
AI_survey 2002 16.5959  18 0.0213915 0.0261998 -0.122612
AI_survey 2002 16.5959  19 0.0266936 0.0300265 -0.0795483
AI_survey 2002 16.5959  20 0.0379796 0.0326557 0.122009
AI_survey 2002 16.5959  21 0.0364248 0.0338735 0.0574455
AI_survey 2002 16.5959  22 0.0512937 0.0338991 0.391515
AI_survey 2002 16.5959  23 0.0405177 0.0331898 0.166627
AI_survey 2002 16.5959  24 0.0478905 0.032214 0.361636
AI_survey 2002 16.5959  25 0.0249243 0.0313117 -0.149386
AI_survey 2002 16.5959  26 0.0392705 0.0306514 0.203672
AI_survey 2002 16.5959  27 0.0317263 0.0302542 0.0350049
AI_survey 2002 16.5959  28 0.0295922 0.0300468 -0.0108474
AI_survey 2002 16.5959  29 0.0278118 0.0299134 -0.0502502
AI_survey 2002 16.5959  30 0.0408953 0.029736 0.267598
AI_survey 2002 16.5959  31 0.0383187 0.0294196 0.214506
AI_survey 2002 16.5959  32 0.0591214 0.0289032 0.734667
AI_survey 2002 16.5959  33 0.031487 0.0281601 0.0819125
AI_survey 2002 16.5959  34 0.0510489 0.0271934 0.597403
AI_survey 2002 16.5959  35 0.0302726 0.0260286 0.108566
AI_survey 2002 16.5959  36 0.0236977 0.0247067 -0.0264734
AI_survey 2002 16.5959  37 0.0233886 0.0232769 0.00301594
AI_survey 2002 16.5959  38 0.0300767 0.021791 0.231141
AI_survey 2002 16.5959  39 0.0183973 0.0203015 -0.05499
AI_survey 2002 16.5959  40 0.0152411 0.0188582 -0.108302
AI_survey 2002 16.5959  41 0.0364832 0.0175082 0.58922
AI_survey 2002 16.5959  42 0.0278475 0.0162945 0.371629
AI_survey 2002 16.5959  43 0.0184884 0.0152558 0.107408
AI_survey 2002 16.5959  44 0.0154991 0.0144234 0.0367447
AI_survey 2002 16.5959  45 0.0661776 0.145439 -0.915881
AI_survey 2004 20.8706  3 0.00174944 0.00437014 -0.181299
AI_survey 2004 20.8706  4 0.0110453 0.00620192 0.281617
AI_survey 2004 20.8706  5 0.00833839 0.00827861 0.00301226
AI_survey 2004 20.8706  6 0.0134411 0.00993505 0.161419
AI_survey 2004 20.8706  7 0.00669465 0.0100028 -0.151798
AI_survey 2004 20.8706  8 0.00325917 0.0100593 -0.311159
AI_survey 2004 20.8706  9 0.00107456 0.00993074 -0.407825
AI_survey 2004 20.8706  10 0.00109572 0.00962894 -0.398996
AI_survey 2004 20.8706  11 0.00451793 0.00948852 -0.23411
AI_survey 2004 20.8706  12 0.00142399 0.00964228 -0.384008
AI_survey 2004 20.8706  13 0.00341017 0.0101367 -0.306627
AI_survey 2004 20.8706  14 0.00501182 0.0110766 -0.264609
AI_survey 2004 20.8706  15 0 0.0126006 -0.515878
AI_survey 2004 20.8706  16 0.00601812 0.014813 -0.332486
AI_survey 2004 20.8706  17 0.0187368 0.0177509 0.0341001
AI_survey 2004 20.8706  18 0.00928922 0.0213354 -0.380759
AI_survey 2004 20.8706  19 0.0174241 0.0252739 -0.228436
AI_survey 2004 20.8706  20 0.0274237 0.0290324 -0.0437668
AI_survey 2004 20.8706  21 0.0271877 0.0320008 -0.124914
AI_survey 2004 20.8706  22 0.0563451 0.0337625 0.571109
AI_survey 2004 20.8706  23 0.0249317 0.0342559 -0.234164
AI_survey 2004 20.8706  24 0.0589934 0.0337356 0.639014
AI_survey 2004 20.8706  25 0.0447549 0.0326114 0.312291
AI_survey 2004 20.8706  26 0.0466831 0.0312823 0.404107
AI_survey 2004 20.8706  27 0.0483215 0.0300348 0.489376
AI_survey 2004 20.8706  28 0.0558143 0.0290157 0.729264
AI_survey 2004 20.8706  29 0.0484461 0.0282515 0.556711
AI_survey 2004 20.8706  30 0.0360559 0.0276893 0.232908
AI_survey 2004 20.8706  31 0.0355068 0.0272388 0.232003
AI_survey 2004 20.8706  32 0.0349804 0.0268051 0.231197
AI_survey 2004 20.8706  33 0.030565 0.0263086 0.121472
AI_survey 2004 20.8706  34 0.0478742 0.0256947 0.640278
AI_survey 2004 20.8706  35 0.0393514 0.0249358 0.422267
AI_survey 2004 20.8706  36 0.0156638 0.0240288 -0.249496
AI_survey 2004 20.8706  37 0.0299623 0.0229896 0.2125
AI_survey 2004 20.8706  38 0.0216898 0.0218476 -0.00493085
AI_survey 2004 20.8706  39 0.0110935 0.0206421 -0.30673
AI_survey 2004 20.8706  40 0.0109209 0.019418 -0.281246
AI_survey 2004 20.8706  41 0.0180385 0.0182233 -0.00631029
AI_survey 2004 20.8706  42 0.0179071 0.0171067 0.0281901
AI_survey 2004 20.8706  43 0.00500392 0.0161148 -0.402994
AI_survey 2004 20.8706  44 0.00915974 0.0152886 -0.228122
AI_survey 2004 20.8706  45 0.0847949 0.15116 -0.846375
AI_survey 2006 19.1104  3 0.00222387 0.00352017 -0.0955462
AI_survey 2006 19.1104  4 0.00444351 0.0055531 -0.0652159
AI_survey 2006 19.1104  5 0.00754384 0.00715699 0.0200476
AI_survey 2006 19.1104  6 0.012382 0.00953835 0.127831
AI_survey 2006 19.1104  7 0.0212071 0.0125313 0.340812
AI_survey 2006 19.1104  8 0.026196 0.0145502 0.425014
AI_survey 2006 19.1104  9 0.00801556 0.0150015 -0.251149
AI_survey 2006 19.1104  10 0.00223656 0.0149641 -0.458126
AI_survey 2006 19.1104  11 0.00499941 0.0145919 -0.349587
AI_survey 2006 19.1104  12 1.5851e-007 0.0140475 -0.521615
AI_survey 2006 19.1104  13 5.52174e-007 0.0136412 -0.51389
AI_survey 2006 19.1104  14 4.05144e-007 0.0135435 -0.512024
AI_survey 2006 19.1104  15 0.000350643 0.0138457 -0.504692
AI_survey 2006 19.1104  16 0.00436011 0.0146514 -0.374303
AI_survey 2006 19.1104  17 0.00781306 0.0160579 -0.286652
AI_survey 2006 19.1104  18 0.00717052 0.0181114 -0.358562
AI_survey 2006 19.1104  19 0.00663438 0.0207757 -0.433315
AI_survey 2006 19.1104  20 0.0182994 0.0238845 -0.159869
AI_survey 2006 19.1104  21 0.0449188 0.0270956 0.479798
AI_survey 2006 19.1104  22 0.0288413 0.0299362 -0.0280836
AI_survey 2006 19.1104  23 0.0472266 0.0319613 0.379329
AI_survey 2006 19.1104  24 0.0376257 0.032926 0.115119
AI_survey 2006 19.1104  25 0.0475513 0.0328577 0.360276
AI_survey 2006 19.1104  26 0.0413852 0.0319991 0.233104
AI_survey 2006 19.1104  27 0.0361887 0.0306858 0.139461
AI_survey 2006 19.1104  28 0.0209359 0.0292334 -0.215285
AI_survey 2006 19.1104  29 0.0328633 0.027868 0.132651
AI_survey 2006 19.1104  30 0.0364578 0.0267077 0.264319
AI_survey 2006 19.1104  31 0.0365596 0.0257781 0.297356
AI_survey 2006 19.1104  32 0.027859 0.0250428 0.0787749
AI_survey 2006 19.1104  33 0.0352223 0.0244335 0.305423
AI_survey 2006 19.1104  34 0.0322251 0.0238758 0.239037
AI_survey 2006 19.1104  35 0.0300579 0.0233054 0.195616
AI_survey 2006 19.1104  36 0.0256707 0.022676 0.0879201
AI_survey 2006 19.1104  37 0.0660226 0.0219629 1.31388
AI_survey 2006 19.1104  38 0.0221274 0.0211601 0.0293777
AI_survey 2006 19.1104  39 0.0241995 0.0202795 0.121546
AI_survey 2006 19.1104  40 0.0203172 0.0193468 0.0307882
AI_survey 2006 19.1104  41 0.0247589 0.0183981 0.206864
AI_survey 2006 19.1104  42 0.0343251 0.0174764 0.56193
AI_survey 2006 19.1104  43 0.0132622 0.0166281 -0.115034
AI_survey 2006 19.1104  44 0.0200206 0.0158973 0.144067
AI_survey 2006 19.1104  45 0.0795 0.156502 -0.926455
AI_survey 2010 17.0988  3 0.00192827 0.00271699 -0.0625394
AI_survey 2010 17.0988  4 0.00906155 0.00368959 0.365884
AI_survey 2010 17.0988  5 0.00543471 0.00448586 0.0586482
AI_survey 2010 17.0988  6 0.00421474 0.0059292 -0.0922651
AI_survey 2010 17.0988  7 0.0184452 0.00874937 0.430271
AI_survey 2010 17.0988  8 0.0386883 0.0123965 0.982175
AI_survey 2010 17.0988  9 0.0282826 0.0165351 0.380818
AI_survey 2010 17.0988  10 0.032095 0.0215483 0.300281
AI_survey 2010 17.0988  11 0.0582559 0.026359 0.823165
AI_survey 2010 17.0988  12 0.0515 0.0292002 0.547588
AI_survey 2010 17.0988  13 0.0249217 0.0298297 -0.119279
AI_survey 2010 17.0988  14 0.0148216 0.0289316 -0.348037
AI_survey 2010 17.0988  15 0.00958124 0.0271659 -0.447206
AI_survey 2010 17.0988  16 0.0106317 0.025097 -0.382326
AI_survey 2010 17.0988  17 0.00452652 0.0231603 -0.512163
AI_survey 2010 17.0988  18 0.00121457 0.0216223 -0.580062
AI_survey 2010 17.0988  19 0.018376 0.0206243 -0.0653998
AI_survey 2010 17.0988  20 0.00183833 0.0202344 -0.540127
AI_survey 2010 17.0988  21 0.00956854 0.0204634 -0.318129
AI_survey 2010 17.0988  22 0.0227678 0.0212622 0.0431469
AI_survey 2010 17.0988  23 0.0319874 0.0225051 0.264304
AI_survey 2010 17.0988  24 0.0105356 0.023979 -0.363294
AI_survey 2010 17.0988  25 0.0284941 0.025405 0.0811638
AI_survey 2010 17.0988  26 0.0588911 0.026502 0.833672
AI_survey 2010 17.0988  27 0.040384 0.0270671 0.339271
AI_survey 2010 17.0988  28 0.0706328 0.0270279 1.11169
AI_survey 2010 17.0988  29 0.0397002 0.0264443 0.34156
AI_survey 2010 17.0988  30 0.0420691 0.025466 0.435723
AI_survey 2010 17.0988  31 0.0117133 0.0242756 -0.337455
AI_survey 2010 17.0988  32 0.0255872 0.0230397 0.0701979
AI_survey 2010 17.0988  33 0.0310276 0.0218787 0.258553
AI_survey 2010 17.0988  34 0.0198171 0.0208592 -0.0301439
AI_survey 2010 17.0988  35 0.0202594 0.0200001 0.00765603
AI_survey 2010 17.0988  36 0.0276316 0.019287 0.250825
AI_survey 2010 17.0988  37 0.0100521 0.018687 -0.263605
AI_survey 2010 17.0988  38 0.00111938 0.0181614 -0.527585
AI_survey 2010 17.0988  39 0.0124859 0.0176772 -0.162856
AI_survey 2010 17.0988  40 0.0139538 0.0172119 -0.103556
AI_survey 2010 17.0988  41 0.0195592 0.016757 0.0902477
AI_survey 2010 17.0988  42 0.00715841 0.0163181 -0.298861
AI_survey 2010 17.0988  43 0.0114502 0.0159126 -0.14741
AI_survey 2010 17.0988  44 0.00643639 0.0155649 -0.304845
AI_survey 2010 17.0988  45 0.0928997 0.159972 -0.756566
AI_survey 2012 21.1221  3 0 0.0027309 -0.240062
AI_survey 2012 21.1221  4 2.75454e-007 0.00321976 -0.260778
AI_survey 2012 21.1221  5 0.00537015 0.00419413 0.0835339
AI_survey 2012 21.1221  6 0.0134368 0.00537332 0.506451
AI_survey 2012 21.1221  7 0.00852382 0.00667558 0.104235
AI_survey 2012 21.1221  8 0.0129412 0.00900308 0.19151
AI_survey 2012 21.1221  9 0.020741 0.0129436 0.316927
AI_survey 2012 21.1221  10 0.0276643 0.0179113 0.33787
AI_survey 2012 21.1221  11 0.02192 0.0236448 -0.0521614
AI_survey 2012 21.1221  12 0.0314972 0.0298849 0.0435138
AI_survey 2012 21.1221  13 0.0476422 0.0351026 0.313099
AI_survey 2012 21.1221  14 0.0311158 0.0377941 -0.160928
AI_survey 2012 21.1221  15 0.0178994 0.0378417 -0.480263
AI_survey 2012 21.1221  16 0.0072182 0.0359833 -0.709714
AI_survey 2012 21.1221  17 0.0265786 0.0330813 -0.167075
AI_survey 2012 21.1221  18 0.0165574 0.0298626 -0.359201
AI_survey 2012 21.1221  19 0.00174776 0.0268403 -0.713424
AI_survey 2012 21.1221  20 0.0195248 0.0243173 -0.142966
AI_survey 2012 21.1221  21 0.0207302 0.0224411 -0.0530751
AI_survey 2012 21.1221  22 0.0197928 0.021258 -0.0466728
AI_survey 2012 21.1221  23 0.0183851 0.0207441 -0.0760496
AI_survey 2012 21.1221  24 0.0431549 0.0208131 0.719093
AI_survey 2012 21.1221  25 0.0297979 0.0213161 0.269822
AI_survey 2012 21.1221  26 0.0174205 0.022047 -0.144774
AI_survey 2012 21.1221  27 0.034326 0.0227711 0.355918
AI_survey 2012 21.1221  28 0.0378783 0.0232761 0.444993
AI_survey 2012 21.1221  29 0.0455473 0.0234211 0.672242
AI_survey 2012 21.1221  30 0.0873833 0.0231612 1.96186
AI_survey 2012 21.1221  31 0.0560765 0.0225411 1.0381
AI_survey 2012 21.1221  32 0.0410381 0.0216651 0.611426
AI_survey 2012 21.1221  33 0.0342591 0.0206572 0.4394
AI_survey 2012 21.1221  34 0.00810507 0.0196314 -0.381752
AI_survey 2012 21.1221  35 0.00814216 0.0186709 -0.357389
AI_survey 2012 21.1221  36 0.0353709 0.0178239 0.609333
AI_survey 2012 21.1221  37 0.0157061 0.0171067 -0.0496291
AI_survey 2012 21.1221  38 0.019173 0.0165121 0.0959383
AI_survey 2012 21.1221  39 0.0131302 0.0160214 -0.105798
AI_survey 2012 21.1221  40 0.00517298 0.0156131 -0.38691
AI_survey 2012 21.1221  41 0.00963998 0.0152702 -0.210948
AI_survey 2012 21.1221  42 0.0174185 0.0149842 0.0920587
AI_survey 2012 21.1221  43 0.00597718 0.0147562 -0.334512
AI_survey 2012 21.1221  44 0.00486298 0.014595 -0.372834
AI_survey 2012 21.1221  45 0.0611318 0.156498 -1.20629
AI_survey 2014 17.0988  3 0.00698603 0.00261742 0.352884
AI_survey 2014 17.0988  4 0.011976 0.00339953 0.608399
AI_survey 2014 17.0988  5 0.0219561 0.00412084 1.14985
AI_survey 2014 17.0988  6 0.0229541 0.00483881 1.07837
AI_survey 2014 17.0988  7 0.0269461 0.00616945 1.0963
AI_survey 2014 17.0988  8 0.0269461 0.00781865 0.897436
AI_survey 2014 17.0988  9 0.0239521 0.00990232 0.586446
AI_survey 2014 17.0988  10 0.0199601 0.0133885 0.236349
AI_survey 2014 17.0988  11 0.0728543 0.0186139 1.65903
AI_survey 2014 17.0988  12 0.0758483 0.0249834 1.34737
AI_survey 2014 17.0988  13 0.0958084 0.0319886 1.49946
AI_survey 2014 17.0988  14 0.0499002 0.0387197 0.239606
AI_survey 2014 17.0988  15 0.0768463 0.0435686 0.674023
AI_survey 2014 17.0988  16 0.0858283 0.0454374 0.801886
AI_survey 2014 17.0988  17 0.0499002 0.0444264 0.109842
AI_survey 2014 17.0988  18 0.0149701 0.0413774 -0.548216
AI_survey 2014 17.0988  19 0.0229541 0.0372746 -0.312556
AI_survey 2014 17.0988  20 0.00499002 0.0329353 -0.647394
AI_survey 2014 17.0988  21 0.00399202 0.0289143 -0.614911
AI_survey 2014 17.0988  22 0.00698603 0.0255239 -0.485961
AI_survey 2014 17.0988  23 0.00499002 0.0228983 -0.494962
AI_survey 2014 17.0988  24 0.00598802 0.0210534 -0.433831
AI_survey 2014 17.0988  25 0.00898204 0.0199294 -0.323824
AI_survey 2014 17.0988  26 0.0159681 0.0194096 -0.103127
AI_survey 2014 17.0988  27 0.00798403 0.0193309 -0.340691
AI_survey 2014 17.0988  28 0.0189621 0.0194997 -0.0160749
AI_survey 2014 17.0988  29 0.00698603 0.0197203 -0.378632
AI_survey 2014 17.0988  30 0.0179641 0.0198281 -0.0552755
AI_survey 2014 17.0988  31 0.0129741 0.0197189 -0.200555
AI_survey 2014 17.0988  32 0.0149701 0.0193597 -0.131704
AI_survey 2014 17.0988  33 0.0139721 0.0187779 -0.146364
AI_survey 2014 17.0988  34 0.0179641 0.0180411 -0.00239162
AI_survey 2014 17.0988  35 0.0129741 0.0172305 -0.135216
AI_survey 2014 17.0988  36 0.00898204 0.016422 -0.241995
AI_survey 2014 17.0988  37 0.00499002 0.015673 -0.355544
AI_survey 2014 17.0988  38 0.010978 0.015018 -0.137308
AI_survey 2014 17.0988  39 0.00598802 0.0144725 -0.293667
AI_survey 2014 17.0988  40 0.00898204 0.0140378 -0.17764
AI_survey 2014 17.0988  41 0.00998004 0.0137086 -0.132547
AI_survey 2014 17.0988  42 0.00998004 0.0134781 -0.125395
AI_survey 2014 17.0988  43 0.00598802 0.0133423 -0.26495
AI_survey 2014 17.0988  44 0.00499002 0.0133005 -0.299862
AI_survey 2014 17.0988  45 0.0459082 0.14973 -1.20317
fishery 2004 3.81434  3 0 4.05397e-006 -0.002112
fishery 2004 3.81434  4 0 1.34339e-005 -0.00541994
fishery 2004 3.81434  5 0 4.33544e-005 -0.0115923
fishery 2004 3.81434  6 0 0.000113936 -0.0199893
fishery 2004 3.81434  7 0 0.000273513 -0.0317295
fishery 2004 3.81434  8 0 0.000663338 -0.049943
fishery 2004 3.81434  9 0.00258234 0.00153321 0.0521992
fishery 2004 3.81434  10 0 0.00342403 -0.114312
fishery 2004 3.81434  11 0.00106821 0.00699613 -0.138803
fishery 2004 3.81434  12 0 0.0122697 -0.217587
fishery 2004 3.81434  13 0 0.018286 -0.266478
fishery 2004 3.81434  14 0 0.0238442 -0.305178
fishery 2004 3.81434  15 0 0.0283308 -0.333431
fishery 2004 3.81434  16 0.0118226 0.0318069 -0.222378
fishery 2004 3.81434  17 0 0.034649 -0.369958
fishery 2004 3.81434  18 0.0126022 0.0371804 -0.253674
fishery 2004 3.81434  19 0.0108098 0.039432 -0.287191
fishery 2004 3.81434  20 0.0214212 0.0411073 -0.193631
fishery 2004 3.81434  21 0.0377729 0.0417912 -0.0392123
fishery 2004 3.81434  22 0.0341823 0.0412454 -0.069361
fishery 2004 3.81434  23 0.0717778 0.0395631 0.322725
fishery 2004 3.81434  24 0.0652171 0.0371075 0.290395
fishery 2004 3.81434  25 0.0436739 0.0343413 0.100077
fishery 2004 3.81434  26 0.0522565 0.0316661 0.229614
fishery 2004 3.81434  27 0.0500728 0.0293399 0.239903
fishery 2004 3.81434  28 0.0618356 0.0274683 0.410591
fishery 2004 3.81434  29 0.0552072 0.0260374 0.357678
fishery 2004 3.81434  30 0.0690887 0.0249606 0.552335
fishery 2004 3.81434  31 0.0118891 0.0241227 -0.155692
fishery 2004 3.81434  32 0.0267773 0.0234106 0.0434768
fishery 2004 3.81434  33 0.0221968 0.0227306 -0.00699339
fishery 2004 3.81434  34 0.0169006 0.0220165 -0.0680751
fishery 2004 3.81434  35 0.0502509 0.0212294 0.393115
fishery 2004 3.81434  36 0.0101832 0.0203554 -0.140653
fishery 2004 3.81434  37 0.0369172 0.0193991 0.248
fishery 2004 3.81434  38 0.00413672 0.0183783 -0.207028
fishery 2004 3.81434  39 0 0.0173212 -0.259221
fishery 2004 3.81434  40 0.00629465 0.0162613 -0.153854
fishery 2004 3.81434  41 0.0237503 0.0152356 0.13572
fishery 2004 3.81434  42 0.0495828 0.0142825 0.580846
fishery 2004 3.81434  43 0.0162524 0.0134389 0.0477048
fishery 2004 3.81434  44 0.019577 0.0127375 0.119072
fishery 2004 3.81434  45 0.1039 0.125589 -0.127819
fishery 2005 2.7548  3 0 4.10827e-006 -0.00181539
fishery 2005 2.7548  4 0 1.25651e-005 -0.00439032
fishery 2005 2.7548  5 0 4.10793e-005 -0.00954019
fishery 2005 2.7548  6 0 0.000131402 -0.0183421
fishery 2005 2.7548  7 0.000173651 0.000340717 -0.0148092
fishery 2005 2.7548  8 0.000115768 0.000829093 -0.0408893
fishery 2005 2.7548  9 0 0.00196324 -0.0734272
fishery 2005 2.7548  10 1.24891e-006 0.00428487 -0.108722
fishery 2005 2.7548  11 0.000144709 0.00841263 -0.15016
fishery 2005 2.7548  12 0.00541213 0.0142381 -0.123608
fishery 2005 2.7548  13 9.01571e-007 0.0204846 -0.239955
fishery 2005 2.7548  14 0 0.0256822 -0.269419
fishery 2005 2.7548  15 0.0092199 0.0292537 -0.197285
fishery 2005 2.7548  16 0.00270562 0.0315272 -0.273722
fishery 2005 2.7548  17 0.00674698 0.033151 -0.244751
fishery 2005 2.7548  18 0.00558982 0.0346505 -0.26369
fishery 2005 2.7548  19 0.0177079 0.0362505 -0.164634
fishery 2005 2.7548  20 0.0475105 0.0378341 0.0841665
fishery 2005 2.7548  21 0.0251868 0.0390264 -0.118599
fishery 2005 2.7548  22 0.0508719 0.0394136 0.0977291
fishery 2005 2.7548  23 0.0506716 0.038776 0.102255
fishery 2005 2.7548  24 0.029026 0.0371868 -0.0715742
fishery 2005 2.7548  25 0.158801 0.0349484 1.11918
fishery 2005 2.7548  26 0.0556367 0.0324465 0.217202
fishery 2005 2.7548  27 0.0699268 0.0300193 0.388104
fishery 2005 2.7548  28 0.0282553 0.0278887 0.00369444
fishery 2005 2.7548  29 0.0157476 0.0261497 -0.10817
fishery 2005 2.7548  30 0.0515345 0.0247948 0.285357
fishery 2005 2.7548  31 0.0135525 0.0237537 -0.111164
fishery 2005 2.7548  32 0.0115251 0.0229294 -0.126433
fishery 2005 2.7548  33 0.026611 0.022224 0.0493839
fishery 2005 2.7548  34 0.0231715 0.0215557 0.0184625
fishery 2005 2.7548  35 0 0.0208651 -0.242233
fishery 2005 2.7548  36 1.27017e-006 0.0201176 -0.237746
fishery 2005 2.7548  37 0.0222895 0.0193 0.0360562
fishery 2005 2.7548  38 0.0157476 0.0184158 -0.0329296
fishery 2005 2.7548  39 0.0157476 0.0174828 -0.0219683
fishery 2005 2.7548  40 0.0092199 0.0165282 -0.0951127
fishery 2005 2.7548  41 0.0176711 0.0155859 0.0279327
fishery 2005 2.7548  42 0.0550387 0.0146936 0.556342
fishery 2005 2.7548  43 1.35511e-006 0.0138897 -0.196894
fishery 2005 2.7548  44 0.00500731 0.0132098 -0.119198
fishery 2005 2.7548  45 0.153429 0.129707 0.117183
fishery 2007 3.51767  3 0 2.78315e-006 -0.00145998
fishery 2007 3.51767  4 0.00252591 1.05028e-005 1.04192
fishery 2007 3.51767  5 0 3.62728e-005 -0.0100013
fishery 2007 3.51767  6 0 0.000117309 -0.019501
fishery 2007 3.51767  7 0.0038026 0.000392233 0.31899
fishery 2007 3.51767  8 0 0.00118322 -0.0642824
fishery 2007 3.51767  9 0.0126982 0.00297016 0.33472
fishery 2007 3.51767  10 0.00317317 0.00671252 -0.0812363
fishery 2007 3.51767  11 0 0.0130537 -0.215617
fishery 2007 3.51767  12 0.0113888 0.0210343 -0.126039
fishery 2007 3.51767  13 0.00748995 0.0284791 -0.236624
fishery 2007 3.51767  14 0 0.033477 -0.349006
fishery 2007 3.51767  15 0 0.0354912 -0.35973
fishery 2007 3.51767  16 0 0.0352689 -0.358559
fishery 2007 3.51767  17 0.0102095 0.0340254 -0.246347
fishery 2007 3.51767  18 0 0.0327608 -0.345123
fishery 2007 3.51767  19 0.0060667 0.0320275 -0.276495
fishery 2007 3.51767  20 0.00778365 0.0319837 -0.257913
fishery 2007 3.51767  21 0.0122053 0.0324998 -0.214623
fishery 2007 3.51767  22 0 0.0332449 -0.347752
fishery 2007 3.51767  23 0.038923 0.0338023 0.0531354
fishery 2007 3.51767  24 0.0266989 0.0338189 -0.0738652
fishery 2007 3.51767  25 0.10199 0.0331294 0.721507
fishery 2007 3.51767  26 0.0246689 0.0317845 -0.0760643
fishery 2007 3.51767  27 0.0630828 0.02999 0.363843
fishery 2007 3.51767  28 0.0790778 0.0280089 0.580403
fishery 2007 3.51767  29 0.0540561 0.026076 0.32924
fishery 2007 3.51767  30 0.0464818 0.0243499 0.269254
fishery 2007 3.51767  31 0.0539423 0.0229041 0.389052
fishery 2007 3.51767  32 0.0329964 0.021741 0.144718
fishery 2007 3.51767  33 0.0102095 0.0208163 -0.139307
fishery 2007 3.51767  34 0.0335816 0.0200637 0.180771
fishery 2007 3.51767  35 0.0559148 0.0194135 0.496058
fishery 2007 3.51767  36 0.0075475 0.0188062 -0.155408
fishery 2007 3.51767  37 0.00687419 0.0181978 -0.158845
fishery 2007 3.51767  38 0.0315879 0.0175616 0.200224
fishery 2007 3.51767  39 0.0161305 0.0168888 -0.0110347
fishery 2007 3.51767  40 0.00728577 0.0161856 -0.132238
fishery 2007 3.51767  41 0.00821856 0.0154707 -0.110176
fishery 2007 3.51767  42 0.0172881 0.0147723 0.0390995
fishery 2007 3.51767  43 0.0178699 0.0141239 0.0595196
fishery 2007 3.51767  44 0.0153297 0.01356 0.0286875
fishery 2007 3.51767  45 0.172901 0.133763 0.215636
fishery 2008 3.13624  3 0 2.56909e-006 -0.00128332
fishery 2008 3.13624  4 0 8.38727e-006 -0.00346394
fishery 2008 3.13624  5 0 3.15657e-005 -0.00867085
fishery 2008 3.13624  6 0.00674191 0.000107966 1.08174
fishery 2008 3.13624  7 0 0.000358624 -0.0330851
fishery 2008 3.13624  8 0.00395625 0.00119206 0.141277
fishery 2008 3.13624  9 0.0515825 0.00340891 1.46155
fishery 2008 3.13624  10 0.0144434 0.00799595 0.128125
fishery 2008 3.13624  11 0.00762918 0.0158548 -0.116582
fishery 2008 3.13624  12 0.139562 0.0258323 1.26941
fishery 2008 3.13624  13 0.0211171 0.0346807 -0.131263
fishery 2008 3.13624  14 0.0274052 0.0398719 -0.112826
fishery 2008 3.13624  15 0.0222363 0.0410612 -0.167987
fishery 2008 3.13624  16 0 0.0394315 -0.358764
fishery 2008 3.13624  17 0.00388178 0.0365466 -0.30824
fishery 2008 3.13624  18 0.00674191 0.0336398 -0.264158
fishery 2008 3.13624  19 0 0.0314108 -0.318865
fishery 2008 3.13624  20 0.00556024 0.0301081 -0.254358
fishery 2008 3.13624  21 0.0319091 0.02968 0.0232579
fishery 2008 3.13624  22 0.0256785 0.0298812 -0.043707
fishery 2008 3.13624  23 0.0563596 0.0303467 0.26851
fishery 2008 3.13624  24 0 0.030683 -0.31503
fishery 2008 3.13624  25 0.0186369 0.0305838 -0.122854
fishery 2008 3.13624  26 0.0598958 0.0299111 0.311682
fishery 2008 3.13624  27 0.0217774 0.0287061 -0.0734721
fishery 2008 3.13624  28 0.0210966 0.0271355 -0.0658087
fishery 2008 3.13624  29 0.0403326 0.0254121 0.167871
fishery 2008 3.13624  30 0.0267316 0.0237266 0.034958
fishery 2008 3.13624  31 0.0283586 0.0222105 0.0738677
fishery 2008 3.13624  32 0.0417588 0.0209267 0.257679
fishery 2008 3.13624  33 0.0811227 0.0198801 0.776788
fishery 2008 3.13624  34 0.0206927 0.0190369 0.0214533
fishery 2008 3.13624  35 0.0159094 0.0183435 -0.0321152
fishery 2008 3.13624  36 1.78219e-006 0.0177437 -0.237931
fishery 2008 3.13624  37 0.00891624 0.0171883 -0.112679
fishery 2008 3.13624  38 0.0281761 0.0166404 0.159655
fishery 2008 3.13624  39 0.0165947 0.0160795 0.0072512
fishery 2008 3.13624  40 0.0187236 0.0155 0.046199
fishery 2008 3.13624  41 0.0123659 0.0149104 -0.0371687
fishery 2008 3.13624  42 0.0198458 0.0143305 0.0821537
fishery 2008 3.13624  43 0.0233316 0.0137878 0.144889
fishery 2008 3.13624  44 0 0.0133129 -0.205631
fishery 2008 3.13624  45 0.0709257 0.132499 -0.32162
fishery 2009 3.81434  3 0 2.57514e-006 -0.00141826
fishery 2009 3.81434  4 0 7.46221e-006 -0.00348764
fishery 2009 3.81434  5 0 2.48458e-005 -0.00822045
fishery 2009 3.81434  6 0 9.40314e-005 -0.0180062
fishery 2009 3.81434  7 0 0.000322731 -0.0345602
fishery 2009 3.81434  8 0.0186682 0.00108555 1.03805
fishery 2009 3.81434  9 0.0560747 0.0034719 1.74409
fishery 2009 3.81434  10 0.178831 0.0090361 3.5025
fishery 2009 3.81434  11 0.173888 0.0185169 2.25029
fishery 2009 3.81434  12 0.0547113 0.0306783 0.272145
fishery 2009 3.81434  13 0.00966684 0.0416341 -0.312518
fishery 2009 3.81434  14 0 0.0477341 -0.437222
fishery 2009 3.81434  15 0.0221947 0.0483695 -0.238249
fishery 2009 3.81434  16 0 0.0452591 -0.425181
fishery 2009 3.81434  17 0.00543713 0.0405544 -0.347657
fishery 2009 3.81434  18 0.00386611 0.0358318 -0.335834
fishery 2009 3.81434  19 0.0176998 0.0319459 -0.158192
fishery 2009 3.81434  20 0.00960382 0.0292113 -0.227364
fishery 2009 3.81434  21 0.00991859 0.0276136 -0.210864
fishery 2009 3.81434  22 0.0167255 0.0269554 -0.123343
fishery 2009 3.81434  23 0.0288376 0.0269312 0.022996
fishery 2009 3.81434  24 0.0236189 0.0271761 -0.0427198
fishery 2009 3.81434  25 0.0419442 0.0273378 0.174908
fishery 2009 3.81434  26 0.0203477 0.027157 -0.0818028
fishery 2009 3.81434  27 0.0552825 0.0265201 0.349546
fishery 2009 3.81434  28 0.0287424 0.02546 0.0406894
fishery 2009 3.81434  29 0.0313789 0.024109 0.0925465
fishery 2009 3.81434  30 0.0335979 0.0226356 0.143911
fishery 2009 3.81434  31 0.0385178 0.0211923 0.234885
fishery 2009 3.81434  32 0.0328268 0.0198862 0.180985
fishery 2009 3.81434  33 0.00543713 0.0187696 -0.19182
fishery 2009 3.81434  34 0.0127585 0.0178491 -0.0750701
fishery 2009 3.81434  35 0.00728983 0.0170992 -0.147735
fishery 2009 3.81434  36 0.0058225 0.0164786 -0.163428
fishery 2009 3.81434  37 1.29008e-006 0.0159425 -0.24849
fishery 2009 3.81434  38 0.00921816 0.0154511 -0.0986659
fishery 2009 3.81434  39 0.0058225 0.0149765 -0.147146
fishery 2009 3.81434  40 0.0054341 0.0145034 -0.148106
fishery 2009 3.81434  41 0.00288871 0.0140306 -0.184946
fishery 2009 3.81434  42 0 0.0135685 -0.228974
fishery 2009 3.81434  43 5.35237e-006 0.0131372 -0.225161
fishery 2009 3.81434  44 0 0.0127611 -0.22196
fishery 2009 3.81434  45 0.0329414 0.128678 -0.558382
fishery 2011 3.60244  3 0 2.01821e-006 -0.00110496
fishery 2011 3.60244  4 0 6.53647e-006 -0.00305087
fishery 2011 3.60244  5 0 1.99617e-005 -0.00692179
fishery 2011 3.60244  6 0.00549495 6.11689e-005 1.22256
fishery 2011 3.60244  7 0.00549495 0.000221413 0.658047
fishery 2011 3.60244  8 0.0156632 0.000821705 0.977173
fishery 2011 3.60244  9 0.0213586 0.00275986 0.671668
fishery 2011 3.60244  10 0.0154195 0.00836384 0.14696
fishery 2011 3.60244  11 0.0312228 0.0205425 0.142876
fishery 2011 3.60244  12 0.0279297 0.0379234 -0.0992904
fishery 2011 3.60244  13 0.0763407 0.0541669 0.18592
fishery 2011 3.60244  14 0.0313258 0.0637718 -0.252013
fishery 2011 3.60244  15 0.00904183 0.0652593 -0.431988
fishery 2011 3.60244  16 0.00736903 0.060496 -0.422928
fishery 2011 3.60244  17 0 0.0525968 -0.447169
fishery 2011 3.60244  18 0 0.0441719 -0.407976
fishery 2011 3.60244  19 0.0274951 0.0367193 -0.0930772
fishery 2011 3.60244  20 0.0225914 0.030822 -0.0903708
fishery 2011 3.60244  21 0 0.0265373 -0.313319
fishery 2011 3.60244  22 0 0.0236828 -0.295549
fishery 2011 3.60244  23 0.038513 0.0219878 0.213838
fishery 2011 3.60244  24 0.0377999 0.0211499 0.219583
fishery 2011 3.60244  25 0.0375896 0.0208568 0.222186
fishery 2011 3.60244  26 0.0272623 0.0208046 0.0858537
fishery 2011 3.60244  27 0.0365757 0.0207341 0.210961
fishery 2011 3.60244  28 0.046535 0.0204688 0.349314
fishery 2011 3.60244  29 0.035282 0.0199347 0.208349
fishery 2011 3.60244  30 0.0277861 0.0191489 0.119587
fishery 2011 3.60244  31 0.0389616 0.0181899 0.294933
fishery 2011 3.60244  32 0.0141646 0.0171592 -0.0437546
fishery 2011 3.60244  33 0.0176451 0.0161493 0.022517
fishery 2011 3.60244  34 0.0567914 0.0152275 0.644009
fishery 2011 3.60244  35 0.0216035 0.0144284 0.114162
fishery 2011 3.60244  36 0.0120815 0.0137597 -0.0273328
fishery 2011 3.60244  37 0.0291426 0.0132088 0.264796
fishery 2011 3.60244  38 0.0307418 0.0127522 0.30419
fishery 2011 3.60244  39 0.00545154 0.0123652 -0.118696
fishery 2011 3.60244  40 0.0331644 0.0120263 0.367913
fishery 2011 3.60244  41 0.0320146 0.0117225 0.35768
fishery 2011 3.60244  42 0.0167332 0.0114494 0.0942246
fishery 2011 3.60244  43 0.0132734 0.011212 0.0371425
fishery 2011 3.60244  44 0.00672058 0.011021 -0.0781462
fishery 2011 3.60244  45 0.087419 0.115296 -0.165663
fishery 2013 6.78106  3 0 1.96445e-006 -0.00147892
fishery 2013 6.78106  4 0 5.66156e-006 -0.00372538
fishery 2013 6.78106  5 0.00225469 1.61909e-005 1.13903
fishery 2013 6.78106  6 0.00294676 5.19801e-005 0.957527
fishery 2013 6.78106  7 0.00112734 0.000161599 0.191996
fishery 2013 6.78106  8 0.0041858 0.00053867 0.405568
fishery 2013 6.78106  9 2.31179e-007 0.00195546 -0.114959
fishery 2013 6.78106  10 0.0300469 0.00628971 0.781909
fishery 2013 6.78106  11 0.0412483 0.0163293 0.511846
fishery 2013 6.78106  12 0.0621072 0.0336035 0.411829
fishery 2013 6.78106  13 0.100823 0.0545655 0.530295
fishery 2013 6.78106  14 0.191005 0.0713721 1.21001
fishery 2013 6.78106  15 0.0915081 0.0785038 0.125899
fishery 2013 6.78106  16 0.0685939 0.0761588 -0.0742614
fishery 2013 6.78106  17 0.0303242 0.067823 -0.388327
fishery 2013 6.78106  18 0.00530432 0.0571536 -0.581585
fishery 2013 6.78106  19 0.0150658 0.0466561 -0.390013
fishery 2013 6.78106  20 0.00373237 0.037609 -0.46363
fishery 2013 6.78106  21 0.0349589 0.0304305 0.0686409
fishery 2013 6.78106  22 0.0225484 0.0250703 -0.0419977
fishery 2013 6.78106  23 0.0262147 0.0212819 0.0889838
fishery 2013 6.78106  24 0.0183001 0.0187639 -0.00889893
fishery 2013 6.78106  25 0.0346031 0.0172199 0.347865
fishery 2013 6.78106  26 0.0321044 0.0163706 0.322778
fishery 2013 6.78106  27 0.0106098 0.0159561 -0.111071
fishery 2013 6.78106  28 0.0299766 0.0157458 0.297581
fishery 2013 6.78106  29 0.00944049 0.015557 -0.128663
fishery 2013 6.78106  30 0.00897572 0.0152698 -0.133618
fishery 2013 6.78106  31 0.00737611 0.0148335 -0.160588
fishery 2013 6.78106  32 0.0139722 0.0142557 -0.00622532
fishery 2013 6.78106  33 0.0112606 0.0135807 -0.0521805
fishery 2013 6.78106  34 0.0175538 0.0128681 0.10822
fishery 2013 6.78106  35 0.00980144 0.0121732 -0.0562998
fishery 2013 6.78106  36 0.00298415 0.0115379 -0.208486
fishery 2013 6.78106  37 0.00127851 0.0109856 -0.242398
fishery 2013 6.78106  38 0.0069363 0.0105229 -0.0914866
fishery 2013 6.78106  39 0 0.0101461 -0.263512
fishery 2013 6.78106  40 0.00658258 0.00984485 -0.0859991
fishery 2013 6.78106  41 0.00484917 0.00960881 -0.126988
fishery 2013 6.78106  42 0.00217091 0.00942998 -0.195481
fishery 2013 6.78106  43 0.00537191 0.00930537 -0.106624
fishery 2013 6.78106  44 7.45851e-007 0.00923575 -0.251265
fishery 2013 6.78106  45 0.031855 0.10121 -0.598778
