Rougheye
0 # SSL Species???
0 # Constant buffer of Dorn
1 # Number of fsheries
1 # Number of sexes??
0.0195792 #  average 5 yr f 
1 # author f
0.4 # ABC SPR
0.35 # MSY SPR
3 # Spawnmo
43 # Number of ages
1 # Fratio
 # Natural mortality 
 0.0485245 0.0485245 0.0485245 0.0485245 0.0485245 0.0485245 0.0485245 0.0485245 0.0485245 0.0485245 0.0485245 0.0485245 0.0485245 0.0485245 0.0485245 0.0485245 0.0485245 0.0485245 0.0485245 0.0485245 0.0485245 0.0485245 0.0485245 0.0485245 0.0485245 0.0485245 0.0485245 0.0485245 0.0485245 0.0485245 0.0485245 0.0485245 0.0485245 0.0485245 0.0485245 0.0485245 0.0485245 0.0485245 0.0485245 0.0485245 0.0485245 0.0485245 0.0485245
 # Maturity 
 0.00340888 0.0044329 0.00576277 0.00748858 0.00972618 0.0126239 0.0163706 0.0212055 0.0274284 0.0354115 0.0456091 0.0585651 0.0749125 0.0953608 0.120663 0.151553 0.188655 0.232353 0.282646 0.339018 0.400358 0.464989 0.530817 0.59559 0.657196 0.713924 0.764628 0.808752 0.846267 0.877538 0.903175 0.923911 0.940499 0.953652 0.964008 0.972118 0.978442 0.983356 0.987164 0.99011 0.992385 0.99414 0.998196
 # Wt Spawn 
 61 90 124 163 208 256 309 364 423 483 544 607 671 734 797 860 922 983 1043 1102 1159 1214 1268 1319 1369 1418 1464 1508 1551 1591 1630 1667 1702 1736 1768 1799 1828 1855 1881 1906 1929 1951 2061.2
 # Wt Fish 
 61 90 124 163 208 256 309 364 423 483 544 607 671 734 797 860 922 983 1043 1102 1159 1214 1268 1319 1369 1418 1464 1508 1551 1591 1630 1667 1702 1736 1768 1799 1828 1855 1881 1906 1929 1951 2061.2
 # selectivity 
 1.21116e-005 3.5743e-005 0.000105478 0.000311223 0.000917926 0.00270415 0.00793863 0.0230712 0.0651549 0.170597 0.377733 0.641765 0.840941 0.93977 0.978745 0.992695 0.997513 0.999156 0.999714 0.999903 0.999967 0.999989 0.999996 0.999999 1 1 1 1 1 1 1 1 1 1 1 1 1 1 1 1 1 1 1
 # natage 
 1.54665 1.47339 1.4036 1.16343 1.17322 1.20231 1.07119 1.03683 1.16212 1.43326 1.30975 1.37241 1.34255 1.41283 0.894657 0.739903 0.56396 0.387912 0.289537 0.229675 0.186598 0.156997 0.139475 0.133574 0.13506 0.140032 0.146728 0.156529 0.170906 0.185397 0.184372 0.154882 0.122074 0.101556 0.0915761 0.0862886 0.0826011 0.0800657 0.0893758 0.0885639 0.0881046 0.0877356 1.02564
 # Nrec 
26
 # rec 
 1.09372 1.09362 1.17989 1.34128 1.43426 1.2977 1.07421 0.883418 0.748182 0.650321 0.574162 0.521508 0.502778 0.525887 0.583576 0.672236 0.793266 0.994362 1.35204 1.65884 1.87668 2.77534 2.47222 2.37534 2.14128 2.22338
 # ssb 
 5156.01 5137.23 4515.99 3865.33 3800.41 3775.42 3859.65 3983.85 4122.62 4274.45 4429.88 4576.06 4710.69 4701.57 4445.71 4499 4282.3 4125.99 4022.26 3979.78 3805.56 3606.21 3520.7 3472.47 3431.63 3324.34
